REMARK NLINLS: Nonlinear Spectral Modeling, NMRPipe Version 12.1 2025.092.15.17
REMARK Files: axt.tab ft/test001.ft2 Jtype: PEAK Dim: 3 Iter: 750 Eval: 750
REMARK X PROFILE (+/-5) GAUSS1D
REMARK Y PROFILE (+/-3) GAUSS1D
REMARK Z PROFILE (+/-0) SCALE1D
REMARK Model-Based Volumes at +/-3 LW in Pts Scale: 1.000000
REMARK Constraint on X_AXIS: (1*X_AXIS + -3):(1*X_AXIS + 3)
REMARK Constraint on XW: (0*XW + 0):(0*XW + 8.74)
REMARK Constraint on Y_AXIS: (1*Y_AXIS + -3):(1*Y_AXIS + 3)
REMARK Constraint on YW: (0*YW + 0):(0*YW + 4.11)
REMARK Fixed Parameters: None
REMARK F77 Optimization Modules

REMARK Updated Variables: X_PPM Y_PPM X_HZ Y_HZ XW_HZ YW_HZ

VARS   INDEX X_AXIS Y_AXIS DX DY X_PPM Y_PPM X_HZ Y_HZ XW YW XW_HZ YW_HZ X1 X3 Y1 Y3 HEIGHT DHEIGHT VOL PCHI2 TYPE ASS CLUSTID MEMCNT Z_A0 Z_A1 Z_A2 Z_A3 Z_A4 Z_A5 Z_A6 Z_A7 Z_A8 Z_A9 Z_A10 Z_A11 Z_A12 Z_A13 Z_A14 Z_A15 Z_A16 Z_A17 Z_A18 Z_A19 Z_A20 Z_A21 Z_A22 Z_A23 Z_A24 Z_A25 Z_A26 Z_A27 Z_A28 Z_A29 Z_A30 Z_A31 Z_A32 Z_A33 Z_A34 Z_A35 Z_A36 Z_A37 Z_A38 Z_A39 Z_A40 Z_A41 Z_A42 Z_A43 Z_A44 Z_A45
FORMAT %5d %9.3f %9.3f %6.3f %6.3f %8.3f %8.3f %9.3f %9.3f %7.3f %7.3f %8.3f %8.3f %4d %4d %4d %4d %+e %+e %+e %.5f %d %s %4d %4d %7.4f %7.4f %7.4f %7.4f %7.4f %7.4f %7.4f %7.4f %7.4f %7.4f %7.4f %7.4f %7.4f %7.4f %7.4f %7.4f %7.4f %7.4f %7.4f %7.4f %7.4f %7.4f %7.4f %7.4f %7.4f %7.4f %7.4f %7.4f %7.4f %7.4f %7.4f %7.4f %7.4f %7.4f %7.4f %7.4f %7.4f %7.4f %7.4f %7.4f %7.4f %7.4f %7.4f %7.4f %7.4f %7.4f

    3   520.344    20.541  0.120  0.073    8.481  126.604  5934.378  8977.490   4.744   1.766   26.323   23.480  519  522   20   21 +1.106230e+11 +2.696151e+09 +1.050062e+12 0.00000 1 None    2    1  1.0000  0.4003  0.3470  0.1932 -0.0075  0.0251  0.2587  0.3922  0.4221  0.4407  0.5008  0.5033  0.5475  0.5121  0.5190  0.5550  0.5222  0.5746  0.5264  0.5331  0.5468  0.5487  0.5421  0.5129  0.5489  0.5472  0.5437  0.5480  0.5604  0.5622  0.5814  0.5141  0.5591  0.5607  0.5412  0.5363  0.5785  0.5500  0.5523  0.5785  0.5730  0.5095  0.5255  0.5663  0.5215  0.5721
    4   528.711    21.779  0.082  0.017    8.415  126.372  5887.952  8961.030   3.950   1.669   21.917   22.190  527  532   21   23 +1.574847e+11 +2.461952e+09 +1.176372e+12 0.00000 1 None    3    2  1.0000  0.4818  0.4070  0.3459  0.1125 -0.0100  0.2247  0.3615  0.4854  0.4644  0.5329  0.5160  0.5285  0.5342  0.5226  0.5529  0.5417  0.5442  0.5696  0.5577  0.5316  0.5632  0.5539  0.5467  0.5679  0.5443  0.5439  0.5710  0.5832  0.5700  0.5620  0.5308  0.5690  0.5487  0.5804  0.5660  0.5455  0.5686  0.5441  0.5649  0.5485  0.5682  0.5297  0.5092  0.5223  0.5358
    5   534.020    21.548  0.060  0.029    8.373  126.415  5858.495  8964.102   3.451   1.333   19.148   17.723  531  536   21   22 +2.002258e+11 +2.572657e+09 +1.043949e+12 0.00000 1 None    3    2  1.0000  0.5095  0.4329  0.3288  0.0991 -0.0185  0.2738  0.4251  0.4643  0.5143  0.5435  0.4908  0.5447  0.5423  0.5529  0.5347  0.5149  0.5518  0.5205  0.5335  0.5284  0.5423  0.5506  0.5710  0.5457  0.5566  0.5463  0.5716  0.5505  0.5381  0.5497  0.5819  0.5738  0.5706  0.5710  0.5586  0.5615  0.5532  0.5373  0.5616  0.5397  0.5587  0.5670  0.5265  0.5441  0.5498
    6   516.564    24.236  0.209  0.032    8.511  125.911  5955.352  8928.363   4.408   1.753   24.458   23.307  515  518   24   25 +8.981602e+10 +2.453921e+09 +7.863329e+11 0.00000 1 None    4    1  1.0000  0.5341  0.5098  0.4272  0.2073  0.0295  0.0307  0.1636  0.3721  0.3908  0.4839  0.5498  0.5642  0.5581  0.5892  0.6195  0.5842  0.5997  0.5947  0.6121  0.5760  0.5755  0.6252  0.5765  0.5763  0.5923  0.5989  0.5778  0.6703  0.5577  0.6096  0.6500  0.5915  0.5786  0.5982  0.5871  0.5662  0.6103  0.5935  0.5900  0.5582  0.5714  0.5783  0.6089  0.6236  0.6601
    7   526.537    26.863  0.073  0.014    8.432  125.419  5900.015  8893.436   8.740   2.092   48.495   27.814  522  528   26   28 +1.556724e+11 +2.485059e+09 +3.224573e+12 0.00000 1 None    5    3  1.0000  0.5178  0.5010  0.4854  0.4413  0.3149  0.0926  0.0703  0.2441  0.3944  0.4723  0.4665  0.5085  0.5234  0.5229  0.5436  0.5382  0.5481  0.5403  0.5460  0.5562  0.5696  0.5671  0.5391  0.5756  0.5459  0.5448  0.5613  0.5579  0.5445  0.5519  0.5635  0.5533  0.5523  0.5585  0.5673  0.5536  0.5706  0.5510  0.5481  0.5427  0.5563  0.5433  0.5327  0.5448  0.5590
    8   499.178    27.786  0.032  0.010    8.649  125.246  6051.821  8881.164   2.957   1.497   16.407   19.903  497  501   27   29 +2.760973e+11 +2.500312e+09 +1.384605e+12 0.00000 1 None    6    1  1.0000  0.6198  0.6239  0.6035  0.5870  0.5321  0.3600  0.2104  0.3279  0.5040  0.5774  0.6050  0.6154  0.6261  0.6434  0.6365  0.6290  0.6123  0.6177  0.6374  0.6211  0.6161  0.6297  0.6392  0.6357  0.6256  0.6277  0.6307  0.6254  0.6267  0.6122  0.6161  0.6134  0.6338  0.6347  0.6315  0.6296  0.6222  0.6157  0.6192  0.6191  0.6310  0.6041  0.6375  0.6416  0.6383
    9   532.666    28.628  0.054  0.012    8.383  125.088  5866.007  8869.969   4.859   1.618   26.961   21.512  530  536   28   30 +2.927615e+11 +2.551427e+09 +2.607730e+12 0.00000 1 None    5    3  1.0000  0.5110  0.5261  0.4999  0.4751  0.4254  0.3012  0.0546  0.1070  0.3100  0.4489  0.4789  0.5124  0.5074  0.5271  0.5207  0.5452  0.5330  0.5356  0.5439  0.5272  0.5443  0.5417  0.5297  0.5339  0.5484  0.5469  0.5514  0.5501  0.5538  0.5517  0.5342  0.5242  0.5446  0.5337  0.5454  0.5392  0.5215  0.5456  0.5474  0.5309  0.5395  0.5331  0.5305  0.5523  0.5455
   10   540.935    29.432  0.041  0.023    8.318  124.937  5820.125  8859.279   4.069   2.012   22.577   26.751  538  543   28   31 +2.349706e+11 +2.517388e+09 +2.179437e+12 0.00000 1 None    5    3  1.0000  0.5592  0.5480  0.5255  0.5074  0.4545  0.3320  0.0780  0.0217  0.2594  0.4094  0.4953  0.4982  0.5467  0.5531  0.5532  0.5594  0.5681  0.5730  0.5580  0.5643  0.5437  0.5532  0.5696  0.5704  0.5793  0.5757  0.5597  0.5672  0.5541  0.5754  0.5735  0.5816  0.5658  0.5647  0.5851  0.5674  0.5823  0.5723  0.5777  0.5793  0.5713  0.5667  0.5505  0.5757  0.5772
   11   513.351    33.038  0.040  0.008    8.537  124.261  5973.180  8811.336   2.912   1.635   16.158   21.738  511  515   32   34 +3.015341e+11 +2.489284e+09 +1.627378e+12 0.00000 1 None    7    1  1.0000  0.5772  0.5705  0.5810  0.5651  0.5595  0.5527  0.4881  0.3197  0.1942  0.3286  0.4921  0.5500  0.5487  0.5716  0.5737  0.5766  0.6021  0.5807  0.6136  0.5592  0.5849  0.6166  0.5882  0.6188  0.5852  0.6101  0.5941  0.6277  0.6263  0.5880  0.5906  0.6061  0.5964  0.6077  0.6024  0.5796  0.6097  0.5908  0.5840  0.5857  0.6100  0.5912  0.5897  0.5957  0.5913
   12   540.119    34.621  0.060  0.036    8.324  123.964  5824.653  8790.289   3.814   2.003   21.163   26.631  538  542   34   36 +1.958499e+11 +2.539983e+09 +1.695602e+12 0.00000 1 None    8   10  1.0000  0.5394  0.5504  0.5315  0.5158  0.4963  0.4847  0.4425  0.3033  0.0921  0.0477  0.3087  0.4125  0.4498  0.4922  0.5366  0.5204  0.5352  0.5636  0.4894  0.5175  0.5395  0.5346  0.5394  0.5156  0.5371  0.5383  0.5346  0.5098  0.5356  0.5249  0.5417  0.5353  0.5359  0.5257  0.5413  0.5406  0.5328  0.5551  0.5539  0.5655  0.5350  0.5422  0.5451  0.5361  0.5476
   13   557.988    34.634  0.018  0.004    8.183  123.962  5725.505  8790.116   7.723   1.813   42.852   24.105  558  564   34   36 +3.849617e+11 +2.397446e+09 +6.107294e+12 0.00000 1 None    9    2  1.0000  0.5296  0.5274  0.5306  0.5137  0.5087  0.4872  0.4400  0.3019  0.0858  0.0328  0.2739  0.4098  0.4673  0.5065  0.5216  0.5222  0.5154  0.5294  0.5404  0.5411  0.5363  0.5413  0.5442  0.5352  0.5435  0.5458  0.5330  0.5418  0.5390  0.5445  0.5391  0.5519  0.5461  0.5460  0.5397  0.5435  0.5479  0.5485  0.5501  0.5494  0.5484  0.5262  0.5500  0.5530  0.5407
   14   593.307    35.108  0.147  0.034    7.903  123.873  5529.532  8783.813   4.322   1.894   23.981   25.182  592  595   35   36 +8.103962e+10 +2.423096e+09 +7.516068e+11 0.00000 1 None   10    1  1.0000  0.5316  0.5672  0.5528  0.5269  0.5730  0.4436  0.4232  0.2347  0.0265 -0.0102  0.0768  0.2899  0.4504  0.4536  0.4696  0.4866  0.5410  0.5551  0.5526  0.5529  0.5560  0.5776  0.5648  0.6048  0.6152  0.5878  0.5913  0.5640  0.5052  0.5721  0.5982  0.6146  0.5550  0.5967  0.6045  0.5724  0.5940  0.6338  0.6154  0.5801  0.5234  0.6160  0.5798  0.5696  0.5840
   15   545.227    36.180  0.058  0.017    8.284  123.672  5796.311  8769.562   3.204   1.918   17.778   25.501  543  547   35   38 +1.999525e+11 +2.463490e+09 +1.392282e+12 0.00000 1 None    8   10  1.0000  0.5412  0.5338  0.5743  0.5408  0.5533  0.4848  0.4402  0.3724  0.2018 -0.0166  0.0830  0.3038  0.4144  0.4812  0.5274  0.5508  0.5408  0.5866  0.5669  0.5502  0.5764  0.5658  0.5616  0.5557  0.5538  0.5670  0.5682  0.5504  0.5564  0.5667  0.5461  0.5675  0.5563  0.5632  0.5730  0.5898  0.5795  0.5686  0.5814  0.5708  0.5805  0.5622  0.5682  0.5883  0.5728
   16   535.163    38.621  0.324  0.108    8.364  123.214  5852.152  8737.106   8.740   1.694   48.495   22.523  532  532   38   38 +1.094218e+11 +2.368616e+09 +1.835926e+12 0.00000 1 None   11    1  1.0000  0.5145  0.5272  0.5589  0.5488  0.5572  0.5103  0.5187  0.4757  0.3785  0.2920  0.0048  0.1979  0.4363  0.4377  0.5552  0.5511  0.5583  0.5676  0.5448  0.5353  0.5476  0.5378  0.5582  0.5587  0.5553  0.5698  0.5451  0.5613  0.5464  0.5333  0.5430  0.5629  0.5651  0.5184  0.5578  0.5433  0.5392  0.5555  0.5680  0.5645  0.5656  0.5299  0.5667  0.5742  0.5530
   17   537.513    38.721  0.090  0.012    8.345  123.195  5839.113  8735.777   4.469   1.567   24.797   20.834  535  541   38   40 +2.343557e+11 +2.490004e+09 +1.860148e+12 0.00000 1 None    8   10  1.0000  0.5400  0.5508  0.5594  0.5505  0.5494  0.5168  0.5156  0.4992  0.4216  0.2792  0.0041  0.1771  0.4304  0.4659  0.5326  0.5475  0.5540  0.5484  0.5678  0.5438  0.5689  0.5611  0.5655  0.5578  0.5691  0.5816  0.5655  0.5711  0.5736  0.5584  0.5500  0.5771  0.5689  0.5527  0.5660  0.5884  0.5624  0.5737  0.5661  0.5770  0.5721  0.5612  0.5772  0.5852  0.5723
   18   549.105    39.772  0.117  0.014    8.253  122.998  5774.793  8721.804   3.635   1.912   20.169   25.421  543  553   38   41 +2.064315e+11 +2.383568e+09 +1.625460e+12 0.00000 1 None    8   10  1.0000  0.5746  0.5627  0.5759  0.5737  0.5792  0.5587  0.5171  0.5416  0.4676  0.3635  0.0265  0.0558  0.2782  0.4303  0.5237  0.5155  0.5354  0.5501  0.5277  0.5868  0.5532  0.5867  0.5763  0.5733  0.5498  0.5729  0.5963  0.5661  0.5439  0.6040  0.5867  0.5881  0.5934  0.6085  0.5988  0.5850  0.5587  0.5798  0.5701  0.5851  0.5890  0.5740  0.5745  0.5748  0.5775
   19   552.443    38.554  2.409  0.022    8.227  123.227  5756.272  8737.997   2.411   0.726   13.378    9.653  545  555   38   41 +3.074959e+11 +2.783158e+09 +6.099648e+11 0.00000 1 None    8   10  1.0000  0.5378  0.4829  0.5100  0.4618  0.5259  0.4750  0.5285  0.5445  0.5071  0.2166 -0.0228  0.0757  0.3131  0.3749  0.4658  0.4946  0.5132  0.4731  0.5108  0.5240  0.4665  0.5563  0.5342  0.5106  0.4569  0.5223  0.4577  0.5084  0.5175  0.5243  0.4593  0.4974  0.5585  0.5397  0.4910  0.5096  0.5176  0.5720  0.4690  0.5705  0.5610  0.4665  0.5264  0.5184  0.5010
   20   580.412    39.700  0.089  0.038    8.005  123.012  5601.082  8722.761   8.740   2.445   48.495   32.508  580  583   39   40 +7.668932e+10 +2.528716e+09 +1.857025e+12 0.00000 1 None   12    1  1.0000  0.5457  0.5259  0.5316  0.5620  0.5491  0.4889  0.4669  0.4462  0.4141  0.3079  0.0212  0.0710  0.2271  0.3923  0.4556  0.5045  0.5415  0.5658  0.5828  0.5691  0.5323  0.5493  0.5450  0.5307  0.5251  0.5246  0.5828  0.5853  0.5152  0.5515  0.5752  0.5801  0.5387  0.5824  0.5379  0.5478  0.5702  0.5469  0.5393  0.5341  0.5750  0.5519  0.5474  0.5566  0.5655
   21   541.927    41.037  0.184  0.026    8.310  122.761  5814.622  8704.984   4.919   1.913   27.294   25.434  540  546   39   43 +1.183055e+11 +2.415670e+09 +1.261701e+12 0.00000 1 None    8   10  1.0000  0.4955  0.5481  0.4824  0.5346  0.5231  0.4968  0.4940  0.4901  0.4302  0.3555  0.1142  0.0507  0.1209  0.3222  0.4415  0.4749  0.5102  0.5230  0.5332  0.4813  0.5596  0.5521  0.5517  0.5403  0.5168  0.5526  0.5615  0.5838  0.5391  0.5292  0.5596  0.5682  0.5455  0.5609  0.5308  0.5503  0.5664  0.5564  0.5564  0.5019  0.5151  0.5157  0.5762  0.5343  0.5415
   22   575.510    41.537  0.092  0.018    8.044  122.667  5628.281  8698.337   5.874   4.110   32.593   54.645  574  578   40   41 +7.691490e+10 +2.431228e+09 +2.103927e+12 0.00000 1 None   13    1  1.0000  0.5704  0.5170  0.5349  0.5302  0.5075  0.5377  0.4810  0.4682  0.3970  0.3692  0.1376  0.0809  0.1436  0.2748  0.3970  0.4644  0.5396  0.5377  0.5558  0.5191  0.5397  0.5414  0.5651  0.5380  0.5179  0.5465  0.5959  0.5695  0.5437  0.5424  0.5231  0.5367  0.5503  0.5741  0.5435  0.5711  0.5211  0.5631  0.5247  0.5394  0.5635  0.5378  0.5578  0.5144  0.6290
   23   527.272    41.704  0.098  0.015    8.426  122.636  5895.937  8696.116   3.446   1.577   19.121   20.967  525  529   41   44 +2.511915e+11 +2.523661e+09 +1.546844e+12 0.00000 1 None   14    3  1.0000  0.5351  0.5378  0.5256  0.5046  0.5563  0.5079  0.5134  0.5101  0.4777  0.4237  0.2910 -0.0108  0.1425  0.3541  0.4667  0.4751  0.5066  0.5100  0.5185  0.5085  0.5264  0.5485  0.5261  0.5242  0.5217  0.5377  0.5298  0.5485  0.5411  0.5344  0.5165  0.5273  0.5412  0.5572  0.5068  0.5487  0.5537  0.5099  0.5320  0.5294  0.5192  0.5268  0.5398  0.5544  0.5102
   24   540.607    43.495  0.110  0.161    8.320  122.300  5821.946  8672.305   4.788   1.765   26.567   23.467  539  542   40   44 +1.121515e+11 +2.390000e+09 +1.073734e+12 0.00000 1 None    8   10  1.0000  0.5287  0.5305  0.5016  0.5534  0.5237  0.5147  0.5035  0.4918  0.4884  0.3921  0.2891  0.0765  0.0389  0.1623  0.3113  0.3927  0.5014  0.4840  0.4870  0.5216  0.5332  0.4806  0.5294  0.5435  0.5683  0.5501  0.5666  0.5160  0.5287  0.5829  0.5205  0.5671  0.5148  0.5279  0.5621  0.5218  0.5257  0.5527  0.5639  0.5607  0.5323  0.5707  0.5364  0.5291  0.4983
   25   515.942    43.867  0.100  0.020    8.516  122.230  5958.803  8667.358   4.133   1.750   22.933   23.267  514  518   43   44 +1.296882e+11 +2.434919e+09 +1.062694e+12 0.00000 1 None   15    1  1.0000  0.5688  0.5835  0.4797  0.5649  0.5874  0.5550  0.5471  0.5310  0.5366  0.4284  0.3598  0.1208  0.0827  0.0873  0.3161  0.3787  0.4947  0.5177  0.5396  0.5375  0.5573  0.5520  0.5898  0.5475  0.5407  0.5967  0.5703  0.5579  0.5978  0.5897  0.5664  0.5865  0.5494  0.5671  0.5836  0.5669  0.5732  0.5801  0.5903  0.5917  0.5598  0.5889  0.5382  0.5707  0.5756
   26   528.778    43.717  0.119  0.021    8.414  122.259  5887.581  8669.353   3.782   1.602   20.985   21.299  526  531   42   45 +1.918364e+11 +2.581639e+09 +1.316477e+12 0.00000 1 None   14    3  1.0000  0.5602  0.5298  0.5424  0.5459  0.5099  0.5394  0.5237  0.5243  0.4791  0.4559  0.3448  0.1540  0.0575  0.1378  0.3408  0.4373  0.4932  0.5190  0.5221  0.5341  0.5545  0.5039  0.5297  0.5506  0.5473  0.5730  0.5336  0.5706  0.5502  0.5659  0.5432  0.5675  0.5357  0.5319  0.5633  0.5687  0.5403  0.5687  0.5675  0.5526  0.5639  0.5439  0.5611  0.5596  0.5746
   27   568.890    44.025  0.062  0.012    8.096  122.201  5665.013  8665.258   3.968   1.763   22.017   23.440  566  572   43   45 +1.927504e+11 +2.422322e+09 +1.527830e+12 0.00000 1 None   16    2  1.0000  0.5783  0.5727  0.5911  0.5503  0.5519  0.5520  0.5494  0.5536  0.5148  0.4567  0.3515  0.1773  0.0459  0.0881  0.3018  0.3986  0.5001  0.5247  0.5187  0.5674  0.5449  0.5515  0.5747  0.5181  0.5556  0.5728  0.5756  0.5809  0.5796  0.5632  0.5669  0.5662  0.5698  0.5712  0.5714  0.5783  0.5722  0.5724  0.5844  0.5743  0.5796  0.5728  0.5797  0.5725  0.5809
   28   573.738    43.983  0.102  0.012    8.058  122.209  5638.113  8665.816   4.151   2.141   23.032   28.466  571  576   43   45 +2.102604e+11 +2.422082e+09 +2.117817e+12 0.00000 1 None   16    2  1.0000  0.5690  0.5953  0.5665  0.5662  0.5746  0.5653  0.5333  0.5452  0.5027  0.4360  0.3466  0.1567  0.0517  0.0947  0.2928  0.4351  0.5066  0.5134  0.5483  0.5596  0.5559  0.5666  0.5690  0.5560  0.5814  0.5902  0.5877  0.5538  0.6066  0.5855  0.5713  0.5684  0.5944  0.5802  0.5848  0.5711  0.5593  0.5841  0.5924  0.5808  0.5874  0.5958  0.5963  0.5724  0.5799
   29   585.922    45.168  0.093  0.024    7.961  121.986  5570.508  8650.061   4.344   1.947   24.103   25.886  584  589   44   46 +1.185063e+11 +2.402302e+09 +1.135878e+12 0.00000 1 None   17    2  1.0000  0.5653  0.5955  0.5684  0.5855  0.5610  0.5624  0.5450  0.5238  0.5084  0.5198  0.3654  0.2125  0.0220  0.0183  0.1773  0.3492  0.4591  0.5075  0.5279  0.5671  0.5794  0.5766  0.5712  0.5535  0.5656  0.6004  0.5940  0.6107  0.6192  0.5593  0.6197  0.5727  0.5963  0.5945  0.5993  0.5781  0.6171  0.6116  0.5956  0.5972  0.5748  0.6032  0.6049  0.6291  0.5988
   30   590.515    45.456  0.184  0.044    7.925  121.932  5545.023  8646.231   3.948   1.696   21.906   22.549  586  592   45   46 +9.697573e+10 +2.481588e+09 +7.359125e+11 0.00000 1 None   17    2  1.0000  0.6120  0.5639  0.6004  0.5611  0.6132  0.5923  0.6246  0.6309  0.5767  0.4769  0.4075  0.2551  0.0310  0.0388  0.1903  0.3973  0.4423  0.4743  0.5094  0.5765  0.5963  0.5827  0.6028  0.6106  0.6314  0.6156  0.5781  0.6358  0.5715  0.5941  0.6539  0.6382  0.6178  0.6206  0.6097  0.5475  0.6314  0.6418  0.5793  0.6346  0.5931  0.6482  0.6281  0.5855  0.6651
   31   525.537    45.582  0.138  0.032    8.440  121.909  5905.564  8644.557   3.981   1.585   22.089   21.073  524  528   44   46 +1.730320e+11 +2.623253e+09 +1.236652e+12 0.00000 1 None   14    3  1.0000  0.5037  0.5156  0.5045  0.4930  0.5108  0.4871  0.4889  0.4674  0.4592  0.4610  0.3995  0.2801  0.0902 -0.0189  0.1908  0.3496  0.4189  0.4396  0.4861  0.4694  0.4646  0.5198  0.5326  0.4811  0.4866  0.4992  0.5061  0.5072  0.5177  0.5132  0.5167  0.5454  0.5044  0.5283  0.5067  0.5332  0.5189  0.5373  0.5292  0.5280  0.5562  0.5265  0.5097  0.5503  0.5124
   32   553.411    47.184  0.221  0.020    8.219  121.608  5750.900  8623.257   4.600   2.071   25.524   27.535  551  555   47   48 +1.107938e+11 +2.479240e+09 +1.196095e+12 0.00000 1 None   18    1  1.0000  0.5830  0.5654  0.5482  0.5888  0.5516  0.5706  0.5674  0.5679  0.5490  0.5078  0.5309  0.4149  0.2493  0.0281  0.0964  0.3187  0.4417  0.5536  0.5561  0.6030  0.5651  0.5821  0.5901  0.5200  0.6237  0.6067  0.6211  0.6136  0.5471  0.5754  0.5721  0.5826  0.6156  0.5666  0.5906  0.6006  0.5648  0.5790  0.5724  0.5697  0.6051  0.6136  0.5796  0.6162  0.5495
   33   513.216    47.802  0.115  0.023    8.538  121.493  5973.929  8615.040   4.322   1.725   23.981   22.935  511  515   47   48 +1.178798e+11 +2.428644e+09 +9.958479e+11 0.00000 1 None   19    1  1.0000  0.5737  0.5554  0.5643  0.5419  0.5263  0.5036  0.5049  0.5251  0.5242  0.4734  0.4660  0.4050  0.2510  0.0404  0.0141  0.2288  0.3454  0.4368  0.5361  0.4730  0.4858  0.5378  0.5402  0.5477  0.5435  0.5428  0.5570  0.5651  0.5496  0.5725  0.5633  0.5461  0.5550  0.5532  0.5585  0.5506  0.5589  0.5126  0.5903  0.5807  0.5582  0.5883  0.5652  0.5467  0.5626
   34   571.829    45.016  0.133  0.024    8.073  122.015  5648.706  8652.082   6.510   4.110   36.122   54.645  571  575   47   49 +7.511441e+10 +2.426308e+09 +2.277174e+12 0.00000 1 None   20    3  1.0000  0.5482  0.5746  0.5998  0.5617  0.5748  0.5594  0.5380  0.5876  0.5403  0.4229  0.3376  0.2368  0.0581  0.0331  0.2339  0.3737  0.4390  0.4886  0.5132  0.5795  0.5562  0.5770  0.5451  0.5779  0.5768  0.5523  0.6038  0.5720  0.5858  0.6045  0.5866  0.5923  0.5876  0.5895  0.6098  0.5745  0.5657  0.6242  0.6246  0.6229  0.5847  0.6333  0.6300  0.5959  0.6198
   35   578.154    49.387  0.115  0.023    8.023  121.195  5613.610  8593.967   8.740   1.860   48.495   24.730  577  582   49   50 +1.068360e+11 +2.422871e+09 +1.968341e+12 0.00000 1 None   20    3  1.0000  0.5800  0.5453  0.5974  0.5487  0.5787  0.5925  0.5583  0.5792  0.5563  0.5255  0.5248  0.4683  0.3773  0.1746  0.0431  0.0790  0.2928  0.4200  0.4566  0.5314  0.5244  0.5323  0.5673  0.5623  0.5796  0.5902  0.5460  0.5945  0.5659  0.5581  0.6001  0.6170  0.5912  0.5811  0.5774  0.5659  0.5700  0.5692  0.5808  0.5760  0.5782  0.6262  0.5801  0.6162  0.5674
   36   591.883    49.095  0.172  0.029    7.914  121.250  5537.433  8597.850   5.076   2.220   28.165   29.516  591  594   49   50 +7.694371e+10 +2.452427e+09 +9.823821e+11 0.00000 1 None   21    1  1.0000  0.6467  0.5736  0.5809  0.6200  0.6807  0.6069  0.6507  0.5713  0.5892  0.5691  0.4903  0.4591  0.2616  0.1156  0.0172  0.0155  0.2577  0.4546  0.4985  0.6024  0.5383  0.5476  0.5945  0.5789  0.6415  0.6492  0.5771  0.6056  0.6704  0.5995  0.6633  0.5993  0.5743  0.6278  0.6369  0.6448  0.5969  0.5953  0.6763  0.6734  0.5656  0.5791  0.6212  0.6591  0.6139
   37   538.292    49.766  0.067  0.014    8.339  121.124  5834.791  8588.928   4.084   1.637   22.661   21.765  536  541   49   50 +1.948378e+11 +2.472947e+09 +1.476105e+12 0.00000 1 None   22    1  1.0000  0.5485  0.5887  0.5638  0.5550  0.5500  0.5599  0.5490  0.5133  0.5437  0.5265  0.5048  0.4768  0.3969  0.2298  0.0015  0.0735  0.2909  0.4374  0.4842  0.5316  0.5089  0.5376  0.5522  0.5546  0.5315  0.5619  0.5517  0.5585  0.5542  0.5409  0.5766  0.5665  0.5463  0.5389  0.5620  0.5774  0.5418  0.5800  0.5807  0.5636  0.5531  0.5611  0.5882  0.5811  0.5670
   38   546.916    49.556  0.081  0.011    8.270  121.164  5786.939  8591.720   2.315   0.757   12.845   10.065  544  550   49   51 +2.044154e+11 +2.409578e+09 +4.058190e+11 0.00000 1 None   23    6  1.0000  0.5798  0.5704  0.5226  0.5214  0.5332  0.4808  0.5413  0.5746  0.5200  0.5391  0.4814  0.4832  0.3855  0.2570  0.1366  0.0536  0.3361  0.4112  0.5006  0.5480  0.5177  0.6087  0.5631  0.5800  0.5876  0.6117  0.5856  0.5232  0.5073  0.5932  0.5911  0.5194  0.5528  0.5438  0.6135  0.5647  0.5926  0.6111  0.5853  0.5628  0.6209  0.5714  0.5363  0.5961  0.5643
   39   573.315    47.894  0.269  0.037    8.061  121.475  5640.460  8613.817   3.396   1.252   18.843   16.646  574  580   49   50 +9.811123e+10 +2.510788e+09 +4.725432e+11 0.00000 1 None   20    3  1.0000  0.5566  0.5355  0.5635  0.5536  0.5155  0.5712  0.5094  0.5357  0.6028  0.5130  0.4693  0.5010  0.3044  0.0254 -0.0568  0.1838  0.3568  0.4243  0.4884  0.5404  0.5510  0.5696  0.5643  0.5188  0.5497  0.5588  0.5891  0.5555  0.5905  0.5827  0.5239  0.5931  0.5923  0.5727  0.5479  0.5226  0.5863  0.5695  0.5305  0.5541  0.5963  0.5783  0.5631  0.5347  0.5186
   40   543.323    52.451  0.203  0.028    8.299  120.621  5806.875  8553.229   4.503   0.783   24.986   10.410  542  545   52   53 +2.317653e+11 +2.446831e+09 +9.255997e+11 0.00000 1 None   23    6  1.0000  0.5668  0.5730  0.5197  0.5640  0.5731  0.5274  0.5458  0.5607  0.5157  0.5140  0.4989  0.4759  0.4536  0.3658  0.1359 -0.0191  0.0233  0.2778  0.3789  0.4644  0.4891  0.5219  0.5277  0.5038  0.5560  0.5353  0.5268  0.5621  0.5482  0.5342  0.5623  0.5618  0.4964  0.5876  0.5236  0.5688  0.5519  0.5106  0.5443  0.5732  0.5428  0.5507  0.5121  0.5540  0.5769
   41   553.704    52.511  0.128  0.050    8.217  120.610  5749.275  8552.432   4.799   1.814   26.628   24.118  551  556   52   53 +1.267225e+11 +2.601186e+09 +1.250088e+12 0.00000 1 None   23    6  1.0000  0.5695  0.5908  0.5385  0.5298  0.5411  0.5396  0.5383  0.5459  0.5527  0.5124  0.5286  0.4839  0.4601  0.3489  0.1975 -0.0494  0.0330  0.2574  0.3943  0.4341  0.5290  0.5168  0.5062  0.5511  0.5525  0.5206  0.5289  0.5748  0.5870  0.5545  0.5453  0.5636  0.5697  0.5774  0.5557  0.5695  0.5467  0.5743  0.5035  0.5435  0.5726  0.5702  0.5259  0.5516  0.5403
   42   507.025    52.588  0.138  0.046    8.587  120.595  6008.280  8551.408   4.554   1.619   25.269   21.525  505  509   52   53 +1.161991e+11 +2.510833e+09 +9.711005e+11 0.00000 1 None   24    1  1.0000  0.4985  0.5453  0.5543  0.5571  0.5924  0.5085  0.5630  0.5352  0.5240  0.5334  0.5253  0.4961  0.3816  0.3492  0.2250 -0.0035 -0.0122  0.2539  0.3783  0.4504  0.5325  0.5068  0.5118  0.5620  0.5345  0.6082  0.5483  0.5287  0.5505  0.5065  0.5319  0.5792  0.5309  0.5423  0.5615  0.5285  0.5276  0.5205  0.5758  0.5491  0.5407  0.5592  0.5530  0.5586  0.5473
   43   564.464    53.124  0.152  0.014    8.131  120.495  5689.571  8544.281   3.872   1.587   21.484   21.100  562  567   53   54 +1.806147e+11 +2.512952e+09 +1.257487e+12 0.00000 1 None   25    5  1.0000  0.5307  0.5422  0.5376  0.5340  0.5231  0.5554  0.5116  0.5556  0.5353  0.5069  0.5211  0.4649  0.4488  0.3937  0.2954  0.0421  0.0291  0.2533  0.3756  0.4346  0.4872  0.5048  0.5217  0.5202  0.5151  0.5270  0.5179  0.5497  0.5480  0.5415  0.5461  0.5282  0.5486  0.5319  0.5636  0.5391  0.5167  0.5352  0.5483  0.5393  0.5518  0.5372  0.5211  0.5400  0.5079
   45   553.091    55.453  0.077  0.024    8.221  120.058  5752.676  8513.316   8.740   1.906   48.495   25.341  547  553   53   56 +6.348059e+10 +2.404369e+09 +1.198005e+12 0.00000 1 None   23    6  1.0000  0.4887  0.5056  0.4630  0.4936  0.5301  0.5416  0.5639  0.4951  0.4946  0.5247  0.5302  0.5327  0.5169  0.4752  0.3582  0.2469  0.0352 -0.0492  0.2107  0.3283  0.4015  0.4692  0.4556  0.4993  0.5131  0.4596  0.5301  0.5471  0.5111  0.5055  0.5353  0.5071  0.4821  0.5184  0.5599  0.5434  0.5343  0.5290  0.5001  0.5463  0.5213  0.4809  0.5017  0.5465  0.5248
   46   523.980    55.609  0.057  0.024    8.452  120.029  5914.203  8511.242   3.716   1.569   20.619   20.861  522  526   55   56 +1.917328e+11 +2.523416e+09 +1.266683e+12 0.00000 1 None   27    1  1.0000  0.5472  0.5429  0.5363  0.5554  0.5373  0.5161  0.5411  0.5414  0.5048  0.5111  0.5253  0.5113  0.5143  0.4453  0.4108  0.2522  0.0573  0.0709  0.2519  0.3860  0.4691  0.5197  0.4891  0.5245  0.5344  0.5432  0.5224  0.5397  0.5351  0.5163  0.5500  0.5278  0.5513  0.5660  0.5325  0.5228  0.5343  0.5593  0.5308  0.5231  0.5540  0.5495  0.5462  0.5353  0.5461
   47   558.547    55.901  0.261  0.021    8.178  119.974  5722.403  8507.360   6.121   2.012   33.963   26.751  556  561   55   57 +1.060693e+11 +2.440410e+09 +1.480138e+12 0.00000 1 None   25    5  1.0000  0.5703  0.5978  0.5538  0.5668  0.5612  0.5816  0.5591  0.5786  0.5127  0.5771  0.5267  0.5311  0.5337  0.4590  0.3898  0.2437  0.0537 -0.0188  0.1875  0.3384  0.4124  0.4628  0.4870  0.5159  0.5379  0.5233  0.5596  0.5747  0.5640  0.5735  0.5362  0.5460  0.5589  0.5839  0.6005  0.5535  0.5680  0.5589  0.5679  0.5999  0.5764  0.5689  0.5616  0.5575  0.5714
   48   563.974    55.535  0.162  0.085    8.135  120.043  5692.291  8512.226   3.053   1.787   16.940   23.759  561  565   54   56 +7.756801e+10 +2.493387e+09 +4.796243e+11 0.00000 1 None   25    5  1.0000  0.5412  0.5666  0.5552  0.5917  0.5385  0.4779  0.5654  0.5993  0.5801  0.4865  0.5140  0.4775  0.4631  0.4606  0.3463  0.0587 -0.0661  0.0643  0.2270  0.3682  0.4261  0.4653  0.5280  0.6292  0.5920  0.6268  0.4994  0.6007  0.5915  0.5855  0.5792  0.5293  0.5430  0.6129  0.5930  0.5763  0.5135  0.5811  0.5690  0.6068  0.6187  0.5648  0.5039  0.5458  0.5752
   49   581.664    56.138  1.570  0.024    7.995  119.930  5594.135  8504.209   3.435   0.023   19.060    0.306  578  589   55   57 +2.597947e+10 +2.421009e+09 +2.360289e+09 0.00000 1 None   26    8  1.0000  0.5665  0.6134  0.4788  0.5393  0.5226  0.6327  0.5598  0.5757  0.5237  0.5413  0.5429  0.5497  0.4529  0.4452  0.4405  0.2647  0.0447 -0.1117  0.1613  0.5011  0.4578  0.6754  0.4695  0.5613  0.5441  0.5826  0.5847  0.4992  0.6461  0.5314  0.7652  0.5865  0.6613  0.5496  0.5067  0.5630  0.7292  0.5275  0.5626  0.4979  0.4978  0.4619  0.4673  0.5907  0.6271
   50   482.534    58.385  0.269  0.064    8.781  119.508  6144.172  8474.334   4.301   1.551   23.865   20.621  481  483   58   59 +7.343278e+10 +2.484493e+09 +5.551692e+11 0.00000 1 None   28    1  1.0000  0.5078  0.5593  0.5037  0.4967  0.5192  0.5552  0.5000  0.5099  0.4617  0.5613  0.5308  0.4491  0.4744  0.5353  0.4388  0.4086  0.1892  0.0383  0.0183  0.1696  0.2844  0.4018  0.5295  0.5073  0.4931  0.5789  0.4754  0.5417  0.5976  0.5409  0.5489  0.5669  0.5443  0.5901  0.6124  0.5068  0.5795  0.5854  0.5836  0.5849  0.5864  0.5034  0.5521  0.6086  0.5903
   51   517.714    57.673  0.162  0.036    8.502  119.642  5948.971  8483.800   4.758   1.788   26.400   23.772  516  519   57   58 +8.618556e+10 +2.437214e+09 +8.305926e+11 0.00000 1 None   29    1  1.0000  0.5833  0.5605  0.5913  0.5530  0.4907  0.5712  0.5703  0.4764  0.5431  0.5639  0.5434  0.5869  0.4557  0.4738  0.3912  0.3463  0.1717  0.0172 -0.0345  0.2040  0.3548  0.4214  0.4591  0.5144  0.4828  0.5331  0.5537  0.5050  0.5158  0.5375  0.5102  0.5557  0.5572  0.5363  0.5433  0.4842  0.4831  0.5217  0.4826  0.6157  0.5377  0.5803  0.5583  0.5660  0.5874
   52   568.119    57.572  0.103  0.028    8.102  119.661  5669.291  8485.144   4.207   1.777   23.343   23.626  565  570   57   59 +2.038984e+11 +2.527961e+09 +1.726878e+12 0.00000 1 None   25    5  1.0000  0.5295  0.5282  0.5151  0.5339  0.5151  0.5183  0.5146  0.5096  0.5116  0.5071  0.5166  0.5027  0.4982  0.4591  0.4393  0.3643  0.2155 -0.0491  0.0894  0.3241  0.4420  0.4628  0.4867  0.4944  0.5427  0.5292  0.5140  0.5140  0.5309  0.5359  0.5146  0.5070  0.5379  0.5331  0.5147  0.5282  0.5256  0.5146  0.5246  0.5307  0.5345  0.5467  0.5343  0.5313  0.5155
   53   582.568    56.203  0.220  0.037    7.988  119.917  5589.119  8503.345   8.740   4.110   48.495   54.645  583  586   59   60 +1.162887e+11 +2.441170e+09 +4.733202e+12 0.00000 1 None   30    1  1.0000  0.5307  0.5616  0.5613  0.5318  0.5445  0.5632  0.5346  0.5654  0.5387  0.5259  0.5381  0.5143  0.4906  0.4712  0.4131  0.2689  0.0701  0.0201  0.1468  0.3270  0.4025  0.4685  0.4981  0.5120  0.5135  0.5453  0.5198  0.5258  0.5377  0.5419  0.5795  0.5477  0.5470  0.5261  0.5482  0.5817  0.5424  0.5507  0.5624  0.5591  0.5418  0.5437  0.5453  0.5816  0.5873
   54   570.299    59.680  0.182  0.069    8.085  119.265  5657.195  8457.116   4.722   1.570   26.201   20.874  569  572   58   60 +7.878146e+10 +2.568196e+09 +6.616605e+11 0.00000 1 None   25    5  1.0000  0.5589  0.5197  0.5433  0.5136  0.5698  0.5480  0.5566  0.5447  0.4842  0.5473  0.5070  0.5013  0.4667  0.4956  0.4112  0.3670  0.2167  0.1717 -0.0275  0.1456  0.2621  0.3728  0.4898  0.4617  0.4721  0.4309  0.4782  0.4954  0.5252  0.5982  0.5725  0.5054  0.5736  0.5766  0.5783  0.5755  0.5503  0.5822  0.4914  0.5170  0.5984  0.5775  0.5640  0.5274  0.5233
   55   579.520    61.881  0.129  0.015    8.012  118.853  5606.031  8427.853   3.868   1.724   21.462   22.921  577  582   61   63 +1.576941e+11 +2.486757e+09 +1.191710e+12 0.00000 1 None   31    1  1.0000  0.5462  0.5499  0.5582  0.5502  0.5699  0.5464  0.5435  0.5477  0.5584  0.5397  0.5353  0.5522  0.5472  0.5105  0.5193  0.4759  0.4184  0.3362  0.0841  0.0207  0.1603  0.3449  0.4256  0.4959  0.5139  0.5110  0.5104  0.5597  0.5403  0.5350  0.5619  0.5383  0.5721  0.5435  0.5651  0.5282  0.5676  0.5581  0.5482  0.5520  0.5300  0.5573  0.5386  0.5549  0.5540
   56   507.228    66.243  0.056  0.013    8.585  118.035  6007.154  8369.857   3.694   1.504   20.497   19.996  505  509   66   67 +2.097795e+11 +2.473284e+09 +1.320640e+12 0.00000 1 None   32    1  1.0000  0.5262  0.5404  0.5676  0.5456  0.5528  0.5628  0.5608  0.5443  0.5236  0.5306  0.5122  0.5643  0.5241  0.5493  0.5316  0.5011  0.5142  0.5212  0.4563  0.3958  0.0645  0.1299  0.3879  0.4821  0.5075  0.5079  0.5364  0.5305  0.5870  0.5624  0.5369  0.5349  0.5547  0.5432  0.5454  0.5333  0.5579  0.5177  0.5422  0.5453  0.5662  0.5331  0.5475  0.5337  0.5661
   57   537.429    67.269  0.085  0.027    8.346  117.843  5839.579  8356.217   6.385   2.094   35.428   27.841  535  539   67   68 +9.396285e+10 +2.447232e+09 +1.423771e+12 0.00000 1 None   33    1  1.0000  0.5400  0.5576  0.5810  0.5564  0.5515  0.5552  0.5596  0.5238  0.5709  0.5054  0.5579  0.5074  0.5365  0.5896  0.4878  0.5111  0.5035  0.4658  0.4329  0.3764  0.1440  0.0163  0.2260  0.3499  0.4850  0.4864  0.5090  0.5230  0.5737  0.5100  0.5389  0.5571  0.5974  0.5518  0.5247  0.5211  0.5569  0.5432  0.5538  0.5612  0.5735  0.5393  0.5604  0.5965  0.5560
   58   542.505    66.761  0.117  0.055    8.305  117.938  5811.414  8362.971   8.632   2.055   47.896   27.322  542  545   66   69 +8.285283e+10 +2.480302e+09 +1.665085e+12 0.00000 1 None   34    2  1.0000  0.5928  0.5822  0.5617  0.5438  0.5547  0.5014  0.5665  0.5356  0.5545  0.5265  0.5472  0.5272  0.5751  0.5246  0.5223  0.5192  0.4866  0.4676  0.3939  0.3427  0.1007  0.0093  0.2342  0.3791  0.4697  0.4786  0.5130  0.5178  0.5463  0.5310  0.5356  0.5778  0.5497  0.5227  0.5029  0.5804  0.5694  0.5273  0.5844  0.5484  0.5633  0.6010  0.5481  0.5319  0.5416
   59   584.777    67.672  0.234  0.045    7.970  117.767  5576.862  8350.858   4.758   1.662   26.400   22.097  584  586   67   68 +7.552136e+10 +2.458516e+09 +6.767125e+11 0.00000 1 None   35    1  1.0000  0.6610  0.6518  0.5941  0.6082  0.5884  0.5776  0.6264  0.6478  0.6708  0.5633  0.5946  0.5861  0.6216  0.5500  0.6332  0.5833  0.5499  0.5458  0.4976  0.3575  0.0626  0.0573  0.0890  0.3373  0.4534  0.5594  0.5465  0.5465  0.5865  0.6110  0.5995  0.5855  0.6132  0.5710  0.5545  0.6142  0.5580  0.5814  0.6497  0.6195  0.6967  0.5352  0.6108  0.6359  0.6177
   60   543.612    69.234  0.135  0.019    8.297  117.474  5805.272  8330.091   3.636   1.349   20.175   17.936  542  545   68   70 +1.403824e+11 +2.466000e+09 +7.799888e+11 0.00000 1 None   34    2  1.0000  0.5489  0.5312  0.5570  0.5721  0.5178  0.5426  0.5395  0.5537  0.5436  0.5338  0.5066  0.5421  0.5558  0.5312  0.5437  0.5466  0.5109  0.4985  0.4763  0.4324  0.3000  0.0377  0.0448  0.2267  0.4019  0.4530  0.4762  0.5176  0.4942  0.4870  0.5424  0.5553  0.5866  0.5738  0.5743  0.5592  0.5461  0.5278  0.5558  0.5770  0.5296  0.5181  0.5510  0.5396  0.5614
   61   531.226    69.788  0.072  0.015    8.395  117.370  5873.998  8322.725   3.565   1.615   19.781   21.472  529  533   69   70 +1.817163e+11 +2.461288e+09 +1.185659e+12 0.00000 1 None   36    1  1.0000  0.5452  0.5126  0.5102  0.5193  0.5119  0.5481  0.5179  0.5076  0.5288  0.5207  0.5087  0.5032  0.5061  0.5266  0.4953  0.5247  0.5230  0.4839  0.4787  0.4354  0.3234  0.1165 -0.0409  0.1878  0.3704  0.4700  0.4787  0.5047  0.5090  0.5043  0.5343  0.5145  0.5466  0.5326  0.5317  0.5357  0.5345  0.5005  0.5189  0.5412  0.5552  0.5670  0.5117  0.5152  0.5317
   62   550.780    72.207  0.083  0.018    8.240  116.917  5765.499  8290.562   4.794   1.795   26.600   23.865  548  553   71   73 +1.702984e+11 +2.470231e+09 +1.660678e+12 0.00000 1 None   37    3  1.0000  0.5309  0.5599  0.5515  0.5166  0.5497  0.5286  0.5775  0.5680  0.5351  0.5512  0.5176  0.5423  0.5185  0.5483  0.5451  0.5473  0.5287  0.5262  0.5124  0.4984  0.4685  0.3588  0.1481  0.0758  0.2575  0.4079  0.4550  0.4767  0.5315  0.5105  0.5147  0.5235  0.5378  0.5382  0.5371  0.5209  0.5335  0.5544  0.5401  0.5452  0.5262  0.5318  0.5397  0.5593  0.5372
   63   541.969    73.507  0.155  0.020    8.310  116.673  5814.388  8273.278   3.469   1.437   19.248   19.106  540  547   73   74 +1.769562e+11 +2.434661e+09 +9.993313e+11 0.00000 1 None   37    3  1.0000  0.5308  0.5470  0.5214  0.5118  0.5296  0.5349  0.5867  0.5639  0.5372  0.5211  0.5431  0.5230  0.5172  0.4999  0.5141  0.5137  0.5446  0.5269  0.5088  0.4879  0.4385  0.3790  0.2002 -0.0509  0.0853  0.3611  0.4204  0.4809  0.4824  0.5131  0.5253  0.5526  0.5303  0.4961  0.5442  0.5210  0.5196  0.5057  0.5395  0.5559  0.5499  0.5529  0.5714  0.5550  0.5612
   64   546.254    73.900  0.222  0.014    8.276  116.599  5790.612  8268.054   5.308   1.887   29.452   25.089  541  550   73   75 +1.836483e+11 +2.380531e+09 +2.084687e+12 0.00000 1 None   37    3  1.0000  0.5423  0.5480  0.5267  0.5411  0.5512  0.5267  0.5385  0.5281  0.5399  0.5464  0.5327  0.5466  0.5463  0.5485  0.5355  0.5128  0.5202  0.4926  0.5129  0.4891  0.4592  0.3963  0.2444  0.0084  0.0734  0.2767  0.4034  0.4910  0.5178  0.5196  0.5378  0.5286  0.5540  0.5413  0.5340  0.5562  0.5450  0.5316  0.5264  0.5376  0.5271  0.5357  0.5555  0.5305  0.5193
   65   513.691    76.470  0.068  0.032    8.534  116.117  5971.293  8233.884   3.372   1.452   18.710   19.305  512  515   76   77 +2.217013e+11 +2.657360e+09 +1.230006e+12 0.00000 1 None   38    1  1.0000  0.5496  0.5225  0.5268  0.5275  0.5191  0.5358  0.5170  0.5370  0.5647  0.5270  0.5557  0.5591  0.5017  0.5280  0.5058  0.5290  0.5328  0.5169  0.5254  0.5345  0.4969  0.4458  0.4466  0.2617  0.0468  0.0846  0.3187  0.4345  0.4867  0.4946  0.5109  0.5328  0.5207  0.5413  0.5432  0.5174  0.5218  0.5532  0.5182  0.5366  0.5499  0.5518  0.5063  0.5296  0.5332
   66   557.801    76.437  0.129  0.054    8.184  116.124  5726.542  8234.323   4.052   1.713   22.483   22.775  556  561   76   77 +1.032159e+11 +2.507526e+09 +8.116498e+11 0.00000 1 None   39    2  1.0000  0.5525  0.5764  0.5308  0.5528  0.5734  0.5938  0.5674  0.5264  0.5608  0.5906  0.5828  0.5314  0.5779  0.4929  0.5129  0.5482  0.5939  0.5689  0.4829  0.4950  0.4925  0.3939  0.3045  0.1140 -0.0464  0.0225  0.2296  0.4037  0.4522  0.5115  0.4860  0.5193  0.5262  0.5913  0.5523  0.5048  0.5207  0.5307  0.5571  0.5654  0.5709  0.5682  0.5682  0.5742  0.5486
   67   563.437    75.916  0.151  0.021    8.139  116.221  5695.270  8241.250   4.113   1.834   22.822   24.384  560  565   75   77 +1.213201e+11 +2.406260e+09 +1.036722e+12 0.00000 1 None   39    2  1.0000  0.5287  0.5396  0.5051  0.5345  0.4939  0.5357  0.5442  0.5609  0.5539  0.5392  0.5373  0.5318  0.5509  0.5380  0.5067  0.5046  0.5521  0.5120  0.5008  0.4784  0.4738  0.4135  0.3090  0.1245 -0.0172  0.0868  0.3093  0.4151  0.4732  0.4778  0.5193  0.5680  0.5571  0.5188  0.5265  0.5642  0.5082  0.5674  0.5041  0.5410  0.5543  0.5526  0.5298  0.5441  0.5639
   68   529.564    77.180  0.091  0.016    8.408  115.984  5883.219  8224.444   3.694   1.611   20.497   21.419  527  532   77   78 +1.734203e+11 +2.483928e+09 +1.169590e+12 0.00000 1 None   40    1  1.0000  0.5487  0.5445  0.5203  0.5366  0.5356  0.5200  0.5224  0.5402  0.5446  0.5458  0.5629  0.5457  0.5193  0.5384  0.5797  0.5392  0.5705  0.5423  0.4936  0.5166  0.5104  0.4794  0.4157  0.3425  0.0711  0.0228  0.2658  0.4398  0.4961  0.5182  0.5059  0.5304  0.5240  0.5539  0.5516  0.5461  0.5385  0.5535  0.5288  0.5577  0.5528  0.5117  0.5101  0.5462  0.5398
   69   542.815    78.462  0.068  0.026    8.303  115.744  5809.694  8207.399   3.957   1.243   21.956   16.526  540  546   78   79 +2.717793e+11 +2.609660e+09 +1.514368e+12 0.00000 1 None   41    2  1.0000  0.5479  0.5624  0.5385  0.5427  0.5530  0.5599  0.5455  0.5637  0.5507  0.5442  0.5580  0.5445  0.5645  0.5467  0.5579  0.5730  0.5423  0.5272  0.5568  0.5665  0.5448  0.5220  0.5234  0.4569  0.3216  0.1709  0.2751  0.4461  0.4948  0.5275  0.5236  0.5564  0.5461  0.5494  0.5576  0.5443  0.5705  0.5430  0.5437  0.5469  0.5612  0.5549  0.5149  0.5556  0.5348
   70   547.642    78.750  0.254  0.016    8.265  115.690  5782.911  8203.570   3.588   1.530   19.909   20.342  544  550   78   79 +1.828323e+11 +2.465168e+09 +1.137518e+12 0.00000 1 None   41    2  1.0000  0.5493  0.5171  0.5405  0.5447  0.5205  0.5533  0.5429  0.5200  0.5449  0.5638  0.5230  0.5230  0.5387  0.5187  0.5445  0.5417  0.5136  0.5176  0.5213  0.4970  0.5076  0.5063  0.4768  0.4285  0.2710 -0.0138  0.1887  0.3882  0.4640  0.5239  0.4987  0.5391  0.5281  0.5304  0.5163  0.5323  0.5434  0.5462  0.5172  0.5678  0.5329  0.5609  0.5432  0.5362  0.5424
   71   576.496    80.664  0.253  0.034    8.036  115.331  5622.810  8178.123   4.305   1.717   23.887   22.828  575  578   80   81 +1.150132e+11 +2.505454e+09 +9.634875e+11 0.00000 1 None   42    1  1.0000  0.5702  0.6030  0.5519  0.5186  0.5986  0.5362  0.5487  0.5347  0.5648  0.5423  0.5236  0.4952  0.5369  0.5383  0.5736  0.5804  0.5438  0.4964  0.5261  0.5067  0.4983  0.4930  0.4517  0.4645  0.3461  0.0975  0.0307  0.1230  0.3441  0.4071  0.4673  0.4561  0.5255  0.5140  0.5035  0.5050  0.5493  0.5670  0.5277  0.5464  0.5815  0.5393  0.5731  0.5253  0.5379
   72   550.785    83.576  0.074  0.029    8.240  114.785  5765.472  8139.406   4.081   1.501   22.644   19.957  549  553   83   84 +1.569526e+11 +2.539069e+09 +1.089319e+12 0.00000 1 None   43    1  1.0000  0.6039  0.5801  0.5659  0.5759  0.5664  0.5629  0.5569  0.5832  0.5672  0.5606  0.5763  0.5975  0.5695  0.5636  0.5716  0.5555  0.5668  0.5829  0.5497  0.5431  0.5533  0.5498  0.5276  0.5235  0.4782  0.3797  0.1738  0.0957  0.2060  0.3748  0.4730  0.5313  0.5142  0.5586  0.5613  0.5310  0.5746  0.5510  0.5787  0.5553  0.5966  0.5888  0.5642  0.5579  0.5575
   73   565.705    85.682  0.053  0.012    8.121  114.390  5682.686  8111.406   3.491   1.469   19.370   19.531  563  568   85   86 +2.810238e+11 +2.498918e+09 +1.632593e+12 0.00000 1 None   44    1  1.0000  0.5538  0.5578  0.5489  0.5670  0.5352  0.5601  0.5579  0.5744  0.5726  0.5377  0.5551  0.5434  0.5317  0.5448  0.5324  0.5589  0.5571  0.5485  0.5451  0.5616  0.5438  0.5541  0.5437  0.5206  0.5084  0.4738  0.4065  0.1944 -0.0771  0.3074  0.4623  0.4939  0.4995  0.5256  0.5138  0.5401  0.5689  0.5442  0.5534  0.5464  0.5594  0.5497  0.5696  0.5399  0.5405
   74   573.254    88.698  0.127  0.021    8.062  113.825  5640.799  8071.306   3.882   1.598   21.540   21.246  571  575   88   89 +1.574826e+11 +2.507849e+09 +1.107105e+12 0.00000 1 None   45    1  1.0000  0.5549  0.5517  0.5446  0.5434  0.5870  0.5394  0.5365  0.5404  0.5447  0.5634  0.5386  0.5389  0.5538  0.5439  0.5567  0.5755  0.5660  0.5768  0.5234  0.5644  0.5486  0.4951  0.5035  0.5186  0.5216  0.5068  0.4368  0.3145  0.1378  0.0231  0.1607  0.3738  0.4238  0.4871  0.4835  0.5200  0.5416  0.5277  0.5331  0.5126  0.5224  0.5404  0.5344  0.5088  0.5310
   75   516.751   101.248  0.075  0.014    8.510  111.472  5954.314  7904.447   3.733   1.431   20.713   19.026  515  519  101  102 +1.785956e+11 +2.449241e+09 +1.081403e+12 0.00000 1 None   46    3  1.0000  0.5183  0.5455  0.5442  0.5166  0.5454  0.5569  0.5652  0.5766  0.5427  0.5641  0.5521  0.5644  0.5386  0.5712  0.5530  0.5618  0.5609  0.5265  0.4944  0.5664  0.5255  0.5367  0.5589  0.5485  0.5105  0.5082  0.5284  0.4857  0.5377  0.4800  0.4849  0.4403  0.3278  0.0893  0.0112  0.2536  0.3962  0.4616  0.5259  0.5094  0.5632  0.5276  0.5557  0.5441  0.5488
   76   511.102   103.798  0.090  0.014    8.554  110.993  5985.659  7870.544   3.939   1.547   21.856   20.568  509  514  103  104 +1.734281e+11 +2.445132e+09 +1.197343e+12 0.00000 1 None   46    3  1.0000  0.5938  0.5631  0.5625  0.5517  0.5560  0.5675  0.5583  0.5791  0.5613  0.5482  0.5598  0.5570  0.5844  0.5714  0.5552  0.5826  0.5438  0.5586  0.5646  0.6137  0.5962  0.5741  0.5429  0.5683  0.5451  0.5616  0.5276  0.5087  0.5651  0.5463  0.5415  0.5046  0.4663  0.3625  0.0225 -0.0005  0.3227  0.4476  0.5357  0.5181  0.5433  0.5325  0.5689  0.5539  0.5434
   77   517.696   103.634  0.077  0.014    8.502  111.024  5949.071  7872.724   3.640   1.376   20.197   18.295  515  520  103  104 +2.698495e+11 +2.523200e+09 +1.530900e+12 0.00000 1 None   46    3  1.0000  0.5500  0.5502  0.5705  0.5293  0.5399  0.5602  0.5794  0.5798  0.5565  0.5551  0.5551  0.5542  0.5419  0.5409  0.5574  0.5580  0.5544  0.5473  0.5368  0.5594  0.5542  0.5366  0.5581  0.5508  0.5591  0.5548  0.5528  0.5326  0.5322  0.5243  0.5347  0.5079  0.4597  0.3764  0.1480  0.1608  0.3680  0.4372  0.5059  0.5167  0.5378  0.5384  0.5463  0.5271  0.5597
   78   497.475   107.938  0.120  0.013    8.662  110.217  6061.270  7815.500   3.761   1.579   20.868   20.994  495  500  107  109 +1.771567e+11 +2.474899e+09 +1.191790e+12 0.00000 1 None   47    1  1.0000  0.5415  0.5456  0.5463  0.5558  0.5442  0.5258  0.5084  0.5520  0.5649  0.5348  0.5721  0.5532  0.5688  0.5674  0.5472  0.5621  0.5551  0.5876  0.5391  0.5717  0.5553  0.5427  0.5820  0.5747  0.5402  0.5072  0.5343  0.5437  0.5683  0.5444  0.5531  0.5189  0.5136  0.4798  0.4074  0.2446  0.0748  0.1631  0.3857  0.4696  0.5262  0.5060  0.5300  0.5315  0.5135
   79   538.871   110.012  0.125  0.051    8.334  109.828  5831.578  7787.925   8.740   4.110   48.495   54.645  540  543  108  109 +5.600145e+10 +2.497566e+09 +2.279381e+12 0.00000 1 None   48    1  1.0000  0.5749  0.5745  0.5711  0.5240  0.5290  0.5708  0.5507  0.5523  0.5172  0.5439  0.5668  0.5021  0.5644  0.5133  0.5435  0.5141  0.5731  0.5297  0.5187  0.5261  0.5943  0.5697  0.5696  0.5959  0.5713  0.5374  0.5332  0.5427  0.5163  0.5456  0.4838  0.4593  0.5111  0.4490  0.4230  0.3154  0.0764  0.0819  0.2190  0.3174  0.4362  0.4719  0.5226  0.5276  0.5374
   80   563.820   107.679  0.064  0.019    8.136  110.266  5693.145  7818.944   3.829   1.516   21.246   20.156  562  566  107  108 +1.666517e+11 +2.468273e+09 +1.096016e+12 0.00000 1 None   49    1  1.0000  0.5678  0.5701  0.5962  0.5637  0.5630  0.5433  0.5528  0.5894  0.5437  0.5937  0.5820  0.5544  0.5802  0.5519  0.5593  0.5706  0.6003  0.5853  0.5740  0.5648  0.5733  0.5557  0.5569  0.5800  0.5703  0.5574  0.5284  0.5846  0.5514  0.5462  0.5611  0.5532  0.5187  0.4776  0.4259  0.2651  0.1188  0.2241  0.3941  0.4599  0.5458  0.5492  0.5352  0.5584  0.5786
   81   518.850   110.049  0.069  0.013    8.493  109.821  5942.668  7787.434   4.133   1.628   22.933   21.645  516  521  109  111 +1.649452e+11 +2.424919e+09 +1.257996e+12 0.00000 1 None   50    1  1.0000  0.5575  0.5598  0.5176  0.5453  0.5505  0.5310  0.5630  0.5531  0.5039  0.5507  0.5034  0.5362  0.5110  0.5088  0.5357  0.5159  0.5432  0.5257  0.5458  0.5185  0.5125  0.5254  0.5326  0.5280  0.5284  0.5171  0.5138  0.5339  0.5070  0.5013  0.4867  0.4921  0.4510  0.4715  0.4586  0.3474  0.1243  0.0590  0.2120  0.3561  0.4193  0.4589  0.4753  0.5040  0.4988
   82   536.379   110.447  0.285  0.050    8.354  109.747  5845.405  7782.142   4.907   1.642   27.227   21.831  534  538  110  111 +1.253198e+11 +2.692612e+09 +1.144132e+12 0.00000 1 None   51    1  1.0000  0.5615  0.5751  0.5653  0.5421  0.5306  0.5669  0.5581  0.5783  0.5067  0.5558  0.5403  0.4973  0.5338  0.5089  0.5761  0.5442  0.5562  0.5740  0.5128  0.5293  0.5828  0.5804  0.5496  0.5542  0.5597  0.5564  0.5116  0.5356  0.5351  0.5703  0.4981  0.4787  0.5027  0.4619  0.4711  0.3647  0.1723  0.0766  0.1968  0.3333  0.4410  0.4743  0.5641  0.5309  0.5328
   83   528.372   110.573  0.163  0.051    8.417  109.723  5889.833  7780.467   5.985   1.757   33.209   23.360  527  530  110  111 +7.850991e+10 +2.493791e+09 +9.353253e+11 0.00000 1 None   52    1  1.0000  0.5633  0.5692  0.5725  0.5662  0.5476  0.5544  0.5664  0.5998  0.4894  0.5551  0.5680  0.5031  0.6207  0.5751  0.5352  0.5684  0.5410  0.5317  0.5827  0.5569  0.5289  0.4979  0.5420  0.5408  0.5798  0.5465  0.5447  0.5247  0.5034  0.5740  0.6150  0.5777  0.5493  0.4843  0.3711  0.3294  0.1338  0.0764  0.0269  0.2963  0.3872  0.4909  0.4834  0.5627  0.5404
   84   515.625   114.787  0.058  0.012    8.519  108.933  5960.562  7724.439   3.669   1.537   20.358   20.435  513  518  114  116 +2.100155e+11 +2.473849e+09 +1.341765e+12 0.00000 1 None   53    1  1.0000  0.5944  0.6068  0.5736  0.5654  0.5773  0.6037  0.5576  0.5741  0.6100  0.5779  0.5978  0.5972  0.5895  0.5710  0.5695  0.5997  0.6055  0.6315  0.5758  0.5651  0.5802  0.6033  0.5892  0.6039  0.5727  0.6079  0.5719  0.6017  0.5702  0.5740  0.5674  0.5865  0.5546  0.5551  0.5524  0.5328  0.5335  0.4480  0.1243  0.1836  0.3924  0.5158  0.5477  0.5612  0.5483
   85   559.707   116.866  0.144  0.018    8.169  108.543  5715.967  7696.798   4.230   1.703   23.471   22.642  558  562  116  118 +1.423990e+11 +2.478797e+09 +1.161983e+12 0.00000 1 None   54    2  1.0000  0.6064  0.6296  0.5982  0.5949  0.5928  0.6327  0.6198  0.6356  0.6009  0.5918  0.6059  0.6324  0.5883  0.6225  0.6024  0.6211  0.6232  0.6151  0.5973  0.6331  0.6126  0.6190  0.6344  0.6232  0.6238  0.5997  0.6098  0.6297  0.6124  0.5819  0.5830  0.6264  0.5956  0.5963  0.5984  0.5892  0.5522  0.5002  0.3130 -0.0049  0.0732  0.3528  0.4658  0.5481  0.5345
   86   521.734   117.578  0.096  0.022    8.470  108.410  5926.665  7687.332   4.107   1.525   22.788   20.276  519  524  117  118 +2.103809e+11 +2.566085e+09 +1.492940e+12 0.00000 1 None   55    1  1.0000  0.6052  0.5591  0.5678  0.5656  0.5745  0.5741  0.5668  0.5735  0.5691  0.5812  0.5794  0.5585  0.5676  0.5719  0.5631  0.5544  0.5617  0.5603  0.5696  0.5575  0.5703  0.5587  0.5683  0.5470  0.5867  0.5854  0.5505  0.5762  0.5617  0.5528  0.5779  0.5597  0.5682  0.5686  0.5404  0.5212  0.5273  0.5008  0.3815  0.1782 -0.0653  0.2824  0.4691  0.5238  0.5256
   90   556.399   118.810  0.107  0.013    8.195  108.179  5734.321  7670.951   4.530   1.521   25.135   20.223  554  559  118  119 +1.837049e+11 +2.474316e+09 +1.434178e+12 0.00000 1 None   54    2  1.0000  0.6084  0.5883  0.5868  0.5706  0.5761  0.6043  0.5613  0.5951  0.5943  0.5818  0.5751  0.5978  0.5929  0.5894  0.6102  0.5954  0.5911  0.6097  0.5942  0.5854  0.5905  0.5717  0.5794  0.5840  0.5733  0.5775  0.6131  0.5726  0.5797  0.5821  0.5970  0.6048  0.5843  0.5936  0.5943  0.5589  0.5302  0.5244  0.4598  0.2774 -0.0755  0.1192  0.4183  0.5066  0.5536
   92   583.094    59.425  0.115  0.022    7.984  119.313  5586.200  8460.507   8.740   4.110   48.495   54.645  577  582   55   57 +4.889564e+10 +3.094950e+09 +1.990159e+12 0.00000 1 None   26    8  1.0000  0.4764  0.5756  0.5947  0.5304  0.5125  0.5530  0.5353  0.5774  0.5078  0.5608  0.4997  0.5528  0.5048  0.4402  0.5055  0.3720  0.2607  0.0789  0.1174  0.1113  0.2873  0.4198  0.5025  0.4962  0.4805  0.5851  0.5628  0.4863  0.4677  0.5129  0.5994  0.5289  0.5133  0.5276  0.5491  0.5746  0.5216  0.5508  0.5701  0.5861  0.5521  0.5207  0.6146  0.5523  0.6175
   97   582.450    56.228  0.115  0.022    7.989  119.913  5589.773  8503.013   8.740   1.690   48.495   22.469  582  587   54   56 +1.363849e+11 +3.094950e+09 +2.282242e+12 0.00000 1 None   26    8  1.0000  0.5457  0.5566  0.5485  0.5230  0.5538  0.5700  0.5326  0.5648  0.5454  0.5144  0.5401  0.5002  0.4822  0.4729  0.3783  0.2350  0.0175 -0.0048  0.1457  0.3761  0.4332  0.4722  0.4860  0.5122  0.5201  0.5324  0.5060  0.5309  0.5636  0.5498  0.5580  0.5545  0.5479  0.5200  0.5424  0.5780  0.5451  0.5501  0.5523  0.5514  0.5465  0.5558  0.5227  0.5848  0.5682
   98   584.923    54.094  0.115  0.022    7.969  120.313  5576.052  8531.385   4.389   2.017   24.353   26.817  582  587   53   55 +9.732330e+10 +3.094950e+09 +9.762332e+11 0.00000 1 None   26    8  1.0000  0.5387  0.5172  0.5490  0.5679  0.5398  0.5370  0.5174  0.5857  0.5126  0.4948  0.5078  0.4807  0.4892  0.3491  0.3060  0.0565 -0.0034  0.1217  0.3233  0.3880  0.4913  0.4917  0.5160  0.5455  0.4921  0.5439  0.5818  0.5867  0.5424  0.5569  0.4832  0.5165  0.5399  0.5281  0.5856  0.5199  0.5740  0.5956  0.5119  0.5202  0.5299  0.5491  0.5488  0.5713  0.5601
   99   548.322    41.319  0.115  0.022    8.259  122.708  5779.138  8701.235   4.965   2.138   27.549   28.426  545  550   39   41 +1.340160e+11 +3.094950e+09 +1.611947e+12 0.00000 1 None    8   10  1.0000  0.5174  0.5372  0.5348  0.5432  0.5207  0.5376  0.5104  0.4641  0.4428  0.3273  0.1295 -0.0261  0.0667  0.2763  0.3756  0.4498  0.4879  0.5396  0.5151  0.5355  0.5607  0.5268  0.5603  0.5327  0.5621  0.5571  0.5419  0.5471  0.5776  0.5265  0.5543  0.5773  0.5792  0.5197  0.5484  0.5390  0.5943  0.5469  0.5353  0.5555  0.5578  0.5508  0.5727  0.5823  0.5499
  100   552.674    37.837  0.115  0.022    8.225  123.361  5754.990  8747.530   8.740   4.110   48.495   54.645  547  552   39   41 +5.700884e+10 +3.094950e+09 +2.320384e+12 0.00000 1 None    8   10  1.0000  0.5260  0.5236  0.5429  0.5592  0.4796  0.4949  0.4845  0.3238  0.2182  0.1518  0.1486  0.2611  0.4151  0.5005  0.5151  0.5439  0.5381  0.5786  0.5566  0.5278  0.5355  0.5426  0.5457  0.5618  0.5812  0.5103  0.5895  0.5867  0.5733  0.5531  0.5909  0.5287  0.5399  0.5519  0.5677  0.5376  0.6079  0.5809  0.6021  0.5930  0.5440  0.5685  0.5482  0.5673  0.5715
  101   545.870    38.569  0.115  0.022    8.279  123.224  5792.743  8737.798   5.471   1.281   30.357   17.032  543  548   37   39 +3.176725e+11 +3.094950e+09 +2.523070e+12 0.00000 1 None    8   10  1.0000  0.5335  0.5403  0.5205  0.5325  0.4986  0.5145  0.4968  0.4568  0.3524  0.1591 -0.0058  0.1117  0.3270  0.4393  0.4678  0.5220  0.5183  0.5120  0.5408  0.5367  0.5410  0.5402  0.5353  0.5546  0.5414  0.5383  0.5454  0.5474  0.5557  0.5320  0.5501  0.5448  0.5582  0.5563  0.5449  0.5442  0.5607  0.5547  0.5342  0.5444  0.5629  0.5579  0.5454  0.5625  0.5598
  102   550.616    36.489  0.115  0.022    8.241  123.614  5766.409  8765.453   8.740   4.110   48.495   54.645  551  556   32   34 +4.800733e+10 +3.094950e+09 +1.954003e+12 0.00000 1 None   61    4  1.0000  0.5404  0.5310  0.5444  0.5678  0.5013  0.5326  0.5092  0.3788  0.3185  0.1696  0.0805  0.1986  0.3805  0.4926  0.4886  0.5528  0.5267  0.5823  0.5346  0.5287  0.5573  0.5325  0.5467  0.5839  0.5912  0.5197  0.5640  0.5847  0.5809  0.5546  0.6089  0.5466  0.5440  0.5377  0.5527  0.5260  0.6023  0.5671  0.6204  0.5991  0.5666  0.5779  0.5376  0.5536  0.5489
  103   554.187    33.366  0.115  0.022    8.213  124.199  5746.595  8806.975   4.486   1.839   24.891   24.450  554  559   33   35 +1.448117e+11 +3.094950e+09 +1.353774e+12 0.00000 1 None   61    4  1.0000  0.5104  0.5227  0.4820  0.4589  0.4762  0.4295  0.3460  0.1653 -0.0098  0.1295  0.3392  0.4490  0.4341  0.4803  0.4921  0.5204  0.5066  0.5087  0.5189  0.5127  0.5099  0.5118  0.5458  0.5315  0.5306  0.5603  0.5083  0.5236  0.5263  0.5450  0.5576  0.5322  0.4912  0.5212  0.5481  0.5683  0.5211  0.5462  0.5208  0.5533  0.5406  0.5333  0.5521  0.5221  0.5177
  104   557.085    34.624  0.115  0.022    8.190  123.963  5730.515  8790.249   4.233   1.549   23.487   20.595  553  558   33   35 +4.022983e+11 +3.094950e+09 +2.988283e+12 0.00000 1 None   61    4  1.0000  0.5151  0.5156  0.5195  0.5042  0.4980  0.4774  0.4242  0.2935  0.0590  0.0357  0.2610  0.3953  0.4578  0.4945  0.5122  0.5034  0.5036  0.5188  0.5290  0.5335  0.5213  0.5326  0.5368  0.5244  0.5301  0.5333  0.5266  0.5339  0.5261  0.5356  0.5203  0.5405  0.5386  0.5351  0.5286  0.5313  0.5365  0.5405  0.5394  0.5336  0.5425  0.5114  0.5350  0.5411  0.5291
  105   561.193    35.190  0.115  0.022    8.157  123.857  5707.721  8782.724   3.398   1.739   18.854   23.121  555  560   34   36 +6.045938e+11 +3.094950e+09 +4.048831e+12 0.00000 1 None   61    4  1.0000  0.5693  0.5610  0.5600  0.5584  0.5483  0.5293  0.4931  0.3958  0.1946 -0.0207  0.2710  0.4425  0.4988  0.5318  0.5553  0.5600  0.5598  0.5602  0.5681  0.5738  0.5796  0.5832  0.5728  0.5714  0.5783  0.5825  0.5766  0.5742  0.5821  0.5789  0.5855  0.5846  0.5714  0.5791  0.5801  0.5795  0.5886  0.5822  0.5818  0.5848  0.5757  0.5757  0.5834  0.5759  0.5829
  106   561.315    35.416  0.115  0.022    8.156  123.815  5707.044  8779.719   2.963   1.250   16.441   16.619  558  563   34   36 +5.392974e+11 +3.094950e+09 +2.263979e+12 0.00000 1 None    9    2  1.0000  0.5832  0.5725  0.5676  0.5772  0.5628  0.5443  0.5100  0.4389  0.2395 -0.0401  0.2585  0.4483  0.5075  0.5369  0.5662  0.5695  0.5786  0.5726  0.5753  0.5853  0.5930  0.6009  0.5849  0.5869  0.5915  0.5966  0.5989  0.5870  0.6001  0.5932  0.6026  0.5955  0.5789  0.5908  0.5972  0.5934  0.6044  0.5971  0.5946  0.5981  0.5885  0.5964  0.5918  0.5806  0.5984
  107   546.811    49.941  0.115  0.022    8.271  121.092  5787.522  8586.602   8.740   1.815   48.495   24.131  546  551   48   50 +1.510086e+11 +3.094950e+09 +2.714587e+12 0.00000 1 None   23    6  1.0000  0.5433  0.5398  0.5690  0.5600  0.5417  0.5627  0.5481  0.5119  0.5623  0.5106  0.5118  0.4641  0.4062  0.2030  0.0091  0.0463  0.2813  0.4168  0.4466  0.4989  0.5053  0.4869  0.5467  0.5327  0.5479  0.5493  0.5368  0.5466  0.5439  0.5458  0.5313  0.5517  0.5406  0.5524  0.5407  0.5580  0.5425  0.5020  0.5588  0.5576  0.5347  0.5341  0.5505  0.5549  0.5376
  108   549.929    54.349  0.115  0.022    8.247  120.265  5770.221  8527.994   3.724   2.707   20.663   35.991  548  553   52   54 +1.287118e+11 +3.094950e+09 +1.470311e+12 0.00000 1 None   23    6  1.0000  0.5222  0.5340  0.5296  0.5197  0.5169  0.5222  0.5160  0.5316  0.4844  0.4967  0.4919  0.5122  0.4608  0.4347  0.3331  0.1327  0.0232  0.1782  0.3505  0.4351  0.4977  0.4788  0.4954  0.5002  0.5376  0.5416  0.5266  0.5288  0.5320  0.5792  0.5355  0.5079  0.5482  0.5397  0.5084  0.5435  0.5191  0.5561  0.5566  0.5186  0.5290  0.5473  0.5413  0.5535  0.5433
