REMARK NLINLS: Nonlinear Spectral Modeling, NMRPipe Version 12.1 2025.092.15.17
REMARK Files: axt.tab ft/test001.ft2 Jtype: PEAK Dim: 3 Iter: 750 Eval: 750
REMARK X PROFILE (+/-6) GAUSS1D
REMARK Y PROFILE (+/-3) GAUSS1D
REMARK Z PROFILE (+/-0) SCALE1D
REMARK Model-Based Volumes at +/-3 LW in Pts Scale: 1.000000
REMARK Constraint on X_AXIS: (1*X_AXIS + -3):(1*X_AXIS + 3)
REMARK Constraint on XW: (0*XW + 0):(0*XW + 9.24)
REMARK Constraint on Y_AXIS: (1*Y_AXIS + -3):(1*Y_AXIS + 3)
REMARK Constraint on YW: (0*YW + 0):(0*YW + 4.07)
REMARK Fixed Parameters: None
REMARK F77 Optimization Modules

REMARK Updated Variables: X_PPM Y_PPM X_HZ Y_HZ XW_HZ YW_HZ

VARS   INDEX X_AXIS Y_AXIS DX DY X_PPM Y_PPM X_HZ Y_HZ XW YW XW_HZ YW_HZ X1 X3 Y1 Y3 HEIGHT DHEIGHT VOL PCHI2 TYPE ASS CLUSTID MEMCNT Z_A0 Z_A1 Z_A2 Z_A3 Z_A4 Z_A5 Z_A6 Z_A7 Z_A8 Z_A9 Z_A10 Z_A11 Z_A12 Z_A13 Z_A14 Z_A15 Z_A16 Z_A17 Z_A18 Z_A19 Z_A20 Z_A21 Z_A22 Z_A23 Z_A24 Z_A25 Z_A26 Z_A27 Z_A28 Z_A29 Z_A30 Z_A31 Z_A32 Z_A33 Z_A34 Z_A35 Z_A36 Z_A37 Z_A38 Z_A39 Z_A40 Z_A41 Z_A42 Z_A43 Z_A44 Z_A45
FORMAT %5d %9.3f %9.3f %6.3f %6.3f %8.3f %8.3f %9.3f %9.3f %7.3f %7.3f %8.3f %8.3f %4d %4d %4d %4d %+e %+e %+e %.5f %d %s %4d %4d %7.4f %7.4f %7.4f %7.4f %7.4f %7.4f %7.4f %7.4f %7.4f %7.4f %7.4f %7.4f %7.4f %7.4f %7.4f %7.4f %7.4f %7.4f %7.4f %7.4f %7.4f %7.4f %7.4f %7.4f %7.4f %7.4f %7.4f %7.4f %7.4f %7.4f %7.4f %7.4f %7.4f %7.4f %7.4f %7.4f %7.4f %7.4f %7.4f %7.4f %7.4f %7.4f %7.4f %7.4f %7.4f %7.4f

    2   521.088    20.449  0.118  0.049    8.475  126.621  5930.250  8978.713   4.716   1.632   26.167   21.698  519  523   20   21 +1.199538e+11 +2.526654e+09 +1.045869e+12 0.00000 1 None    2    1  1.0000  0.4363  0.3604  0.2411  0.0363  0.0494  0.2296  0.3850  0.4678  0.5038  0.5394  0.5363  0.5391  0.5386  0.5455  0.5362  0.5578  0.5548  0.5422  0.5760  0.4989  0.5600  0.5602  0.5152  0.5415  0.5682  0.5313  0.5530  0.5978  0.5776  0.5026  0.5125  0.5699  0.5558  0.5530  0.5837  0.5515  0.5707  0.4815  0.5213  0.5598  0.5338  0.5382  0.5821  0.5641  0.5515
    3   529.564    21.726  0.092  0.017    8.408  126.382  5883.219  8961.734   3.767   1.628   20.902   21.645  528  533   21   22 +1.838110e+11 +2.502415e+09 +1.276816e+12 0.00000 1 None    3    2  1.0000  0.4695  0.4402  0.3143  0.1365 -0.0352  0.2269  0.3909  0.4237  0.4680  0.4976  0.5034  0.5132  0.5089  0.5201  0.5672  0.5087  0.5238  0.5246  0.5119  0.5233  0.5315  0.5208  0.5406  0.5198  0.5335  0.5319  0.4866  0.5188  0.5116  0.5352  0.5271  0.5222  0.5147  0.5111  0.5265  0.5580  0.5682  0.5310  0.5211  0.5398  0.5230  0.5165  0.5427  0.5300  0.5216
    4   534.720    21.525  0.102  0.028    8.367  126.419  5854.611  8964.407   3.645   1.298   20.225   17.258  532  537   21   22 +2.298934e+11 +2.629380e+09 +1.232367e+12 0.00000 1 None    3    2  1.0000  0.4972  0.4672  0.3668  0.1098  0.0380  0.2835  0.4338  0.4928  0.5099  0.5256  0.5022  0.5561  0.5539  0.5669  0.5456  0.5704  0.5454  0.5326  0.5565  0.5236  0.5491  0.5791  0.5497  0.5349  0.5311  0.5459  0.5495  0.5329  0.5299  0.5685  0.5338  0.5657  0.5582  0.5383  0.5457  0.5384  0.5684  0.5449  0.5421  0.5071  0.5330  0.5339  0.5501  0.5434  0.5265
    5   517.433    24.253  0.193  0.030    8.504  125.908  5950.530  8928.137   4.336   1.641   24.059   21.818  516  519   24   25 +1.059761e+11 +2.473266e+09 +8.545965e+11 0.00000 1 None    4    1  1.0000  0.4989  0.4370  0.3905  0.2223 -0.0024 -0.0106  0.1268  0.2724  0.4087  0.4529  0.5487  0.5128  0.5238  0.4823  0.5099  0.5254  0.5359  0.5013  0.4982  0.5160  0.4961  0.5829  0.5331  0.5903  0.5195  0.4763  0.5558  0.5295  0.5066  0.5290  0.5676  0.5678  0.5930  0.5813  0.5370  0.5173  0.5349  0.5203  0.5462  0.5729  0.5293  0.5612  0.5926  0.5581  0.5841
    6   532.341    26.198  0.989  0.033    8.386  125.543  5867.811  8902.277   5.239   1.692   29.069   22.496  530  534   26   27 +1.155268e+11 +2.885791e+09 +1.160322e+12 0.00000 1 None    5    5  1.0000  0.5068  0.5061  0.4708  0.4066  0.2485  0.0144  0.0224  0.2680  0.4089  0.4631  0.4892  0.5143  0.5178  0.5635  0.5259  0.5461  0.5210  0.5404  0.5387  0.5468  0.5532  0.5216  0.5173  0.5474  0.5537  0.5803  0.5193  0.5445  0.5535  0.5743  0.5747  0.5602  0.5256  0.5385  0.5676  0.5445  0.5666  0.5609  0.5876  0.5752  0.5630  0.5878  0.5597  0.5590  0.5186
    7   525.177    26.609  0.064  0.015    8.443  125.466  5907.561  8896.812   3.392   1.463   18.821   19.451  523  528   26   27 +2.761763e+11 +2.542574e+09 +1.553271e+12 0.00000 1 None    5    5  1.0000  0.5163  0.5085  0.4907  0.4523  0.3568  0.1350  0.0160  0.2984  0.4650  0.4641  0.5194  0.5097  0.5264  0.5253  0.5185  0.5478  0.5382  0.5262  0.5362  0.5447  0.5458  0.5343  0.5389  0.5430  0.5430  0.5380  0.5271  0.5593  0.5222  0.5545  0.5326  0.5390  0.5487  0.5497  0.5204  0.5467  0.5487  0.5438  0.5152  0.5482  0.5200  0.5375  0.5460  0.5472  0.5473
    8   499.996    27.745  0.027  0.008    8.642  125.253  6047.282  8881.709   3.006   1.411   16.679   18.760  498  502   27   28 +3.315235e+11 +2.536307e+09 +1.593577e+12 0.00000 1 None    6    1  1.0000  0.6234  0.6152  0.6046  0.5808  0.5484  0.4022 -0.0717  0.3655  0.5276  0.5780  0.5949  0.6104  0.6154  0.6176  0.6278  0.6106  0.6250  0.6237  0.6204  0.6329  0.6351  0.6147  0.6208  0.6201  0.6319  0.6283  0.6022  0.6281  0.6258  0.6264  0.6265  0.6188  0.6173  0.6389  0.6162  0.6233  0.6276  0.6132  0.6339  0.6254  0.6426  0.6393  0.6342  0.6119  0.6423
    9   533.721    28.601  0.075  0.013    8.375  125.093  5860.154  8870.328   4.011   1.398   22.256   18.587  531  537   28   29 +3.514415e+11 +2.615244e+09 +2.233825e+12 0.00000 1 None    5    5  1.0000  0.5362  0.5300  0.5265  0.4801  0.4483  0.3196  0.0223  0.1183  0.3437  0.4488  0.4941  0.5112  0.5275  0.5276  0.5255  0.5246  0.5326  0.5451  0.5311  0.5299  0.5253  0.5304  0.5446  0.5470  0.5387  0.5543  0.5377  0.5615  0.5308  0.5249  0.5645  0.5567  0.5364  0.5337  0.5487  0.5428  0.5550  0.5372  0.5463  0.5291  0.5541  0.5309  0.5275  0.5521  0.5435
   10   541.513    29.264  0.083  0.016    8.313  124.968  5816.918  8861.513   4.440   2.032   24.636   27.017  539  544   28   30 +2.448193e+11 +2.531201e+09 +2.503396e+12 0.00000 1 None    5    5  1.0000  0.5471  0.5405  0.5135  0.5147  0.4511  0.3202  0.0680  0.0471  0.2795  0.4309  0.4953  0.5374  0.5626  0.5606  0.5542  0.5807  0.5653  0.5509  0.5787  0.5615  0.5769  0.5434  0.5532  0.5570  0.5711  0.5886  0.5850  0.5853  0.5734  0.5858  0.5830  0.5633  0.5579  0.5589  0.5703  0.5654  0.5641  0.5641  0.5707  0.5834  0.5687  0.5798  0.5756  0.5806  0.5825
   11   514.047    32.929  0.024  0.007    8.531  124.281  5969.318  8812.785   2.942   1.521   16.324   20.223  512  516   32   34 +3.423556e+11 +2.512013e+09 +1.736220e+12 0.00000 1 None    7    1  1.0000  0.6034  0.6006  0.5929  0.5848  0.5967  0.5746  0.5057  0.3340 -0.0538  0.3584  0.5303  0.5887  0.5885  0.6056  0.5870  0.5988  0.6062  0.6101  0.5997  0.6034  0.5994  0.5847  0.5909  0.6051  0.5900  0.5989  0.5846  0.5996  0.6004  0.6004  0.6176  0.5944  0.6115  0.6139  0.5958  0.6117  0.6085  0.5952  0.6128  0.6209  0.6206  0.5877  0.6029  0.6101  0.6043
   12   554.358    37.309  0.083  0.012    8.211  123.460  5745.646  8754.551   9.240   4.070   51.270   54.113  553  561   33   35 +6.898217e+10 +2.502522e+09 +2.939461e+12 0.00000 1 None    8    7  1.0000  0.5723  0.5224  0.5334  0.5099  0.5029  0.4665  0.5078  0.4190  0.3307  0.1403  0.0244  0.2137  0.3824  0.4085  0.4945  0.4991  0.4836  0.5278  0.5439  0.5167  0.5276  0.5089  0.5325  0.5334  0.5510  0.5361  0.5100  0.5109  0.5072  0.5136  0.5206  0.5259  0.5280  0.5295  0.5520  0.5481  0.5380  0.5267  0.5076  0.5522  0.5127  0.5198  0.5690  0.5344  0.5224
   13   540.974    34.509  0.056  0.040    8.318  123.985  5819.909  8791.778   3.664   1.643   20.330   21.845  539  544   34   35 +2.215690e+11 +2.665434e+09 +1.511068e+12 0.00000 1 None    9   12  1.0000  0.5140  0.5351  0.5100  0.5040  0.5196  0.4869  0.4226  0.3233  0.0826  0.0766  0.2970  0.4287  0.4760  0.4956  0.5108  0.5311  0.4996  0.5368  0.5144  0.5634  0.5458  0.5451  0.5482  0.5272  0.5388  0.5354  0.5257  0.5451  0.5106  0.5327  0.5516  0.5132  0.5326  0.5656  0.5190  0.5044  0.5082  0.5399  0.5132  0.5375  0.5356  0.5317  0.5167  0.5348  0.5238
   14   564.726    35.009  0.023  0.004    8.129  123.891  5688.118  8785.130   9.240   1.884   51.270   25.049  559  565   34   36 +4.593651e+10 +2.434429e+09 +9.062158e+11 0.00000 1 None    8    7  1.0000  0.6478  0.5990  0.5447  0.5759  0.5493  0.4287  0.3676  0.4232  0.1057  0.0605  0.3963  0.4682  0.6066  0.5127  0.5948  0.5751  0.6499  0.6762  0.6077  0.6468  0.6698  0.6543  0.6416  0.5624  0.6810  0.6242  0.6073  0.6049  0.6434  0.6662  0.5770  0.7011  0.6217  0.6329  0.6341  0.5266  0.5992  0.5736  0.5704  0.5900  0.6492  0.5820  0.5294  0.5981  0.5036
   15   594.426    34.875  0.329  0.031    7.894  123.916  5523.323  8786.912   4.860   1.946   26.966   25.873  593  596   35   35 +8.587543e+10 +2.427372e+09 +9.203378e+11 0.00000 1 None   10    1  1.0000  0.5277  0.5515  0.4960  0.5363  0.4577  0.4477  0.3652  0.1693  0.0610 -0.0106  0.1045  0.3363  0.3837  0.4859  0.5099  0.5605  0.5561  0.5410  0.5723  0.5556  0.5277  0.5994  0.6133  0.5280  0.6274  0.5501  0.5568  0.5198  0.5774  0.5329  0.5991  0.5489  0.5597  0.5387  0.6311  0.5349  0.6114  0.6118  0.5638  0.5754  0.5331  0.5601  0.6298  0.6374  0.5822
   16   545.864    36.148  0.042  0.013    8.279  123.678  5792.776  8769.986   3.269   1.772   18.139   23.560  543  548   35   37 +2.257074e+11 +2.456031e+09 +1.481437e+12 0.00000 1 None    9   12  1.0000  0.5182  0.5246  0.5183  0.5209  0.5122  0.4735  0.4438  0.3590  0.2145 -0.0413  0.0681  0.3150  0.4230  0.4716  0.4895  0.5082  0.5513  0.5164  0.5261  0.5439  0.5476  0.5442  0.5371  0.5486  0.5299  0.5247  0.5493  0.5248  0.5589  0.5414  0.5141  0.5286  0.5131  0.5327  0.5324  0.5106  0.5395  0.5435  0.5564  0.5225  0.5447  0.5410  0.5456  0.5371  0.5318
   17   538.144    38.647  0.069  0.013    8.340  123.209  5835.612  8736.761   4.275   1.455   23.720   19.345  536  541   38   39 +2.637957e+11 +2.505728e+09 +1.859129e+12 0.00000 1 None    9   12  1.0000  0.5433  0.5740  0.5460  0.5340  0.5383  0.5332  0.5232  0.4740  0.4438  0.2921 -0.0844  0.1974  0.4191  0.4909  0.5148  0.5387  0.5393  0.5662  0.5594  0.5537  0.5493  0.5693  0.5555  0.5638  0.5530  0.5693  0.5764  0.5610  0.5244  0.5791  0.5746  0.5596  0.5726  0.5593  0.5505  0.5573  0.5509  0.5851  0.5685  0.5739  0.5480  0.5505  0.5509  0.5537  0.5643
   18   549.248    39.324  0.084  0.014    8.252  123.082  5774.000  8727.760   3.106   0.637   17.234    8.469  545  553   38   41 +3.038868e+11 +2.384958e+09 +6.815745e+11 0.00000 1 None    9   12  1.0000  0.5541  0.5228  0.5348  0.5323  0.5508  0.5233  0.5274  0.5134  0.4915  0.3643  0.0662  0.0516  0.3678  0.4734  0.5018  0.5157  0.5222  0.5045  0.5566  0.5501  0.5231  0.5590  0.5608  0.5438  0.5161  0.5099  0.5310  0.5879  0.5488  0.5470  0.5565  0.5607  0.5391  0.5261  0.5663  0.5636  0.5724  0.5255  0.5936  0.5688  0.5566  0.5354  0.5250  0.5291  0.5659
   19   579.958    39.895  0.138  0.027    8.008  122.975  5603.601  8720.168   9.240   3.127   51.270   41.575  580  584   39   40 +8.694705e+10 +2.485877e+09 +2.846868e+12 0.00000 1 None   11    1  1.0000  0.5421  0.5689  0.5285  0.5050  0.5219  0.5005  0.4585  0.4681  0.4219  0.2722  0.0647  0.0173  0.2274  0.4102  0.4408  0.5053  0.5209  0.5221  0.5402  0.5276  0.5246  0.5362  0.5084  0.5534  0.5431  0.5660  0.5179  0.5642  0.5015  0.5116  0.5471  0.5302  0.5395  0.5489  0.5332  0.5256  0.5336  0.5054  0.5446  0.5377  0.5383  0.5386  0.5539  0.5598  0.5719
   20   542.388    40.925  0.218  0.020    8.306  122.782  5812.063  8706.474   4.248   1.799   23.571   23.919  540  547   40   42 +1.367131e+11 +2.427733e+09 +1.184111e+12 0.00000 1 None    9   12  1.0000  0.5416  0.5259  0.5096  0.5345  0.4550  0.5070  0.5226  0.4559  0.4659  0.3349  0.1126 -0.0142  0.1283  0.3560  0.4442  0.4802  0.5148  0.4902  0.4960  0.5508  0.5228  0.4646  0.5216  0.5198  0.5216  0.5702  0.5322  0.5188  0.5183  0.4921  0.4983  0.4953  0.5195  0.5428  0.5133  0.5557  0.5266  0.5199  0.5410  0.5345  0.5042  0.5237  0.5282  0.5772  0.5408
   21   577.935    40.718  0.086  0.016    8.024  122.821  5614.826  8709.226   9.240   4.070   51.270   54.113  575  579   40   41 +7.783218e+10 +2.433903e+09 +3.316577e+12 0.00000 1 None   12    1  1.0000  0.5562  0.5496  0.5416  0.5173  0.5246  0.5135  0.4889  0.4892  0.4256  0.3040  0.1195  0.0185  0.1610  0.3655  0.4225  0.4985  0.5229  0.5049  0.5490  0.5497  0.5301  0.5484  0.5307  0.5520  0.5422  0.5706  0.5184  0.5760  0.5297  0.5234  0.5517  0.5287  0.5273  0.5352  0.5409  0.5301  0.5391  0.5328  0.5357  0.5628  0.5552  0.5558  0.5712  0.5683  0.5786
   22   527.973    41.605  0.049  0.015    8.421  122.655  5892.047  8697.433   3.331   1.333   18.483   17.723  526  530   41   44 +3.134643e+11 +2.498600e+09 +1.577143e+12 0.00000 1 None   13    3  1.0000  0.5402  0.5069  0.5085  0.5178  0.5314  0.5141  0.4959  0.4862  0.4574  0.4324  0.2816  0.0741  0.1315  0.3842  0.4545  0.4882  0.4968  0.5200  0.5208  0.4934  0.5196  0.5345  0.5190  0.5305  0.5170  0.5284  0.5313  0.5361  0.5288  0.5242  0.5037  0.5078  0.4917  0.5215  0.5301  0.5218  0.5047  0.5261  0.5264  0.5463  0.5284  0.5056  0.5142  0.5464  0.5394
   23   541.008    43.302  0.168  0.040    8.317  122.336  5819.721  8674.870   4.657   2.031   25.840   27.003  539  543   41   44 +1.186914e+11 +2.413123e+09 +1.271831e+12 0.00000 1 None    9   12  1.0000  0.5418  0.5595  0.5398  0.5239  0.5508  0.5330  0.5380  0.4837  0.4628  0.4566  0.3687  0.1337 -0.0309  0.1853  0.3553  0.4422  0.4901  0.5532  0.5137  0.5210  0.5313  0.5379  0.5379  0.5441  0.5289  0.5717  0.5302  0.5544  0.5536  0.5568  0.5499  0.5786  0.5606  0.5753  0.5810  0.5089  0.5519  0.5716  0.5263  0.5631  0.5534  0.5690  0.5773  0.5841  0.5379
   24   516.873    43.835  0.094  0.018    8.509  122.236  5953.637  8667.784   3.905   1.626   21.667   21.619  515  519   43   44 +1.380325e+11 +2.448130e+09 +9.932809e+11 0.00000 1 None   14    1  1.0000  0.5409  0.5309  0.5905  0.5531  0.5422  0.5278  0.5133  0.5182  0.4852  0.4711  0.3475  0.1602  0.0217  0.1125  0.3633  0.4485  0.5070  0.5231  0.5591  0.5363  0.5308  0.5675  0.6203  0.5225  0.5543  0.5581  0.5755  0.5845  0.5847  0.6077  0.5440  0.5575  0.5938  0.5545  0.5752  0.5816  0.5638  0.5897  0.5960  0.5615  0.5699  0.5526  0.5208  0.5518  0.5519
   25   529.723    43.671  0.093  0.018    8.407  122.267  5882.337  8669.964   3.802   1.553   21.096   20.648  527  532   43   44 +2.203710e+11 +2.554946e+09 +1.474179e+12 0.00000 1 None   13    3  1.0000  0.5681  0.5172  0.5251  0.5254  0.5069  0.5242  0.4920  0.5113  0.4831  0.4450  0.3520  0.1658  0.0026  0.1536  0.3584  0.4364  0.4940  0.5057  0.5113  0.5299  0.5278  0.5287  0.5326  0.5249  0.5498  0.5407  0.5354  0.5396  0.5409  0.5508  0.5438  0.5420  0.5344  0.5496  0.5444  0.5519  0.5154  0.5303  0.5381  0.5532  0.5216  0.5644  0.5317  0.5448  0.5293
   26   569.501    43.904  0.086  0.011    8.091  122.223  5661.623  8666.866   3.543   1.682   19.659   22.363  567  573   43   45 +2.174935e+11 +2.431331e+09 +1.468585e+12 0.00000 1 None   15    2  1.0000  0.5553  0.5391  0.5453  0.5471  0.5464  0.5032  0.5409  0.5223  0.4767  0.4433  0.3624  0.1565 -0.0196  0.1055  0.3254  0.4291  0.4975  0.5100  0.5233  0.5400  0.5222  0.5442  0.5455  0.5257  0.5452  0.5704  0.5341  0.5580  0.5447  0.5606  0.5635  0.5757  0.5589  0.5351  0.5409  0.5207  0.5616  0.5556  0.5628  0.5365  0.5601  0.5421  0.5304  0.5460  0.5644
   27   574.491    43.927  0.131  0.011    8.052  122.219  5633.935  8666.561   4.297   2.042   23.843   27.149  571  577   43   45 +2.512398e+11 +2.503398e+09 +2.497747e+12 0.00000 1 None   15    2  1.0000  0.5615  0.5683  0.5673  0.5519  0.5485  0.5663  0.5392  0.5098  0.5021  0.4538  0.3658  0.1449 -0.0124  0.1280  0.3201  0.4393  0.5026  0.5193  0.5286  0.5532  0.5449  0.5474  0.5656  0.5765  0.5514  0.5842  0.5817  0.5695  0.5632  0.5850  0.5882  0.5703  0.5741  0.5628  0.5857  0.5722  0.5819  0.5739  0.5890  0.5774  0.5814  0.5751  0.5907  0.5693  0.5736
   28   526.306    45.516  0.199  0.046    8.434  121.921  5901.297  8645.434   3.825   1.504   21.224   19.996  524  529   45   46 +1.957523e+11 +2.710407e+09 +1.276367e+12 0.00000 1 None   13    3  1.0000  0.5344  0.5311  0.5485  0.5207  0.5300  0.5488  0.5057  0.5059  0.5226  0.4801  0.4033  0.3098  0.1161  0.0553  0.1916  0.4184  0.4636  0.4909  0.5125  0.4888  0.4856  0.5103  0.5505  0.5217  0.5511  0.5474  0.5109  0.5267  0.5321  0.5493  0.5218  0.5548  0.5340  0.5405  0.5203  0.5467  0.5200  0.5672  0.5117  0.5413  0.5134  0.5406  0.5219  0.5218  0.5635
   29   586.686    45.024  0.103  0.017    7.955  122.013  5566.270  8651.976   4.800   2.003   26.634   26.631  585  590   44   46 +1.267268e+11 +2.377235e+09 +1.380446e+12 0.00000 1 None   16    2  1.0000  0.5237  0.5664  0.5468  0.5603  0.5511  0.5153  0.5424  0.5110  0.4698  0.4289  0.4049  0.2012  0.0070  0.0123  0.2005  0.3448  0.4482  0.4788  0.5065  0.4947  0.5235  0.5503  0.5675  0.5741  0.5317  0.5753  0.5436  0.5675  0.5637  0.5381  0.5554  0.5527  0.5666  0.5755  0.5834  0.5868  0.5567  0.5846  0.5942  0.5345  0.5399  0.5567  0.5531  0.5563  0.5875
   30   591.124    45.413  0.210  0.036    7.920  121.941  5541.645  8646.804   4.618   1.820   25.624   24.198  588  592   45   46 +9.693507e+10 +2.484452e+09 +9.231110e+11 0.00000 1 None   16    2  1.0000  0.5760  0.5499  0.5567  0.5961  0.6022  0.5764  0.5563  0.5566  0.5476  0.5094  0.4517  0.2638  0.0432 -0.0177  0.1793  0.3299  0.4365  0.5119  0.5385  0.5621  0.5700  0.5871  0.5604  0.5878  0.5961  0.5892  0.5942  0.6063  0.6031  0.5957  0.6054  0.5899  0.6053  0.6097  0.6117  0.6162  0.5709  0.5592  0.6044  0.6406  0.5389  0.6235  0.6161  0.6417  0.6094
   31   551.033    50.001  0.099  0.017    8.238  121.080  5764.095  8585.804   9.063   4.070   50.287   54.113  552  556   46   48 +1.107376e+11 +2.427407e+09 +4.628443e+12 0.00000 1 None   17    1  1.0000  0.5671  0.5463  0.5607  0.5497  0.5457  0.5391  0.5752  0.5410  0.5162  0.5216  0.5004  0.4615  0.3575  0.1768  0.0457  0.1111  0.3075  0.4125  0.4943  0.5067  0.5285  0.5469  0.5186  0.5606  0.5451  0.5570  0.5497  0.5665  0.5605  0.5504  0.5402  0.5470  0.5482  0.5537  0.5333  0.5560  0.5373  0.5732  0.5565  0.5620  0.5617  0.5179  0.5642  0.5686  0.5482
   32   514.006    47.755  0.089  0.021    8.531  121.501  5969.545  8615.665   4.190   1.650   23.249   21.938  512  516   47   48 +1.292657e+11 +2.442639e+09 +1.012614e+12 0.00000 1 None   18    1  1.0000  0.4962  0.5651  0.5420  0.5554  0.5373  0.5536  0.5675  0.5511  0.5313  0.4896  0.4928  0.4231  0.2819  0.0298  0.0251  0.1945  0.3915  0.4634  0.4995  0.5260  0.5248  0.5425  0.5442  0.5428  0.5728  0.5753  0.5443  0.5432  0.5746  0.5487  0.5778  0.5494  0.5545  0.5768  0.5828  0.5139  0.5360  0.5283  0.4999  0.6062  0.5820  0.5240  0.5409  0.5657  0.5542
   33   572.914    44.878  0.089  0.027    8.064  122.041  5642.686  8653.917   7.905   4.070   43.862   54.113  572  576   47   49 +1.341817e+11 +2.431356e+09 +4.891619e+12 0.00000 1 None   19    3  1.0000  0.5620  0.5574  0.5555  0.5580  0.5538  0.5348  0.5513  0.5075  0.5020  0.4382  0.3725  0.1666  0.0308  0.0807  0.2815  0.4033  0.4937  0.5060  0.5304  0.5369  0.5429  0.5327  0.5547  0.5656  0.5505  0.5753  0.5643  0.5714  0.5619  0.5801  0.5866  0.5716  0.5639  0.5444  0.5770  0.5522  0.5825  0.5658  0.5915  0.5585  0.5658  0.5511  0.5660  0.5620  0.5559
   34   581.138    49.021  0.215  0.020    7.999  121.264  5597.053  8598.833   2.776   1.340   15.403   17.816  578  583   49   50 +6.909660e+10 +2.476879e+09 +2.912656e+11 0.00000 1 None   19    3  1.0000  0.6105  0.6390  0.6234  0.5997  0.5456  0.7042  0.6852  0.5271  0.6658  0.5906  0.4766  0.5101  0.3802  0.2042  0.0021  0.1885  0.3756  0.5714  0.5171  0.6130  0.6024  0.6241  0.5164  0.5719  0.6217  0.6236  0.6614  0.5494  0.6336  0.6932  0.6189  0.5967  0.6532  0.6020  0.6162  0.6693  0.5762  0.5744  0.5902  0.5247  0.5663  0.5779  0.6610  0.5999  0.7339
   35   589.366    45.986  0.412  0.028    7.934  121.833  5551.399  8639.186   9.012   4.070   50.004   54.113  591  594   49   49 +8.256795e+10 +2.471635e+09 +3.431388e+12 0.00000 1 None   20    1  1.0000  0.5463  0.5651  0.5603  0.5803  0.5830  0.5656  0.5615  0.5480  0.5172  0.4758  0.4361  0.2574  0.0543  0.0198  0.1564  0.3143  0.4183  0.4676  0.5210  0.5476  0.5359  0.5499  0.5637  0.5944  0.5807  0.5873  0.5879  0.5936  0.5857  0.5744  0.5811  0.5814  0.5757  0.5797  0.5974  0.6030  0.5526  0.5769  0.5893  0.6075  0.5520  0.6021  0.5773  0.6079  0.5808
   36   538.936    49.676  0.055  0.015    8.334  121.141  5831.218  8590.125   3.949   1.508   21.912   20.050  537  541   49   50 +2.304356e+11 +2.490857e+09 +1.555462e+12 0.00000 1 None   21    1  1.0000  0.5361  0.5222  0.5320  0.5128  0.5174  0.5239  0.5347  0.5280  0.5198  0.5113  0.4911  0.4590  0.3957  0.2222  0.0257  0.0945  0.3490  0.4343  0.4799  0.5095  0.5254  0.5309  0.5195  0.5250  0.5354  0.5291  0.5459  0.5263  0.5527  0.5547  0.5516  0.5301  0.5417  0.5550  0.5505  0.5355  0.5296  0.5514  0.5609  0.5101  0.5345  0.5424  0.5288  0.5200  0.5390
   37   546.950    49.690  0.182  0.010    8.270  121.139  5786.750  8589.938   9.240   1.391   51.270   18.494  544  551   49   51 +2.080103e+11 +2.432429e+09 +3.029066e+12 0.00000 1 None   22    3  1.0000  0.5377  0.5359  0.5470  0.5231  0.5330  0.5189  0.5338  0.5198  0.5109  0.5082  0.4772  0.4656  0.3776  0.2034  0.0400  0.0994  0.3168  0.4318  0.4875  0.5013  0.5025  0.5419  0.5072  0.5133  0.5370  0.5398  0.5363  0.5409  0.5327  0.5334  0.5183  0.5306  0.5339  0.5239  0.5377  0.5331  0.5370  0.5632  0.5416  0.5386  0.5366  0.5211  0.5388  0.5462  0.5465
   38   577.756    49.274  0.404  0.044    8.026  121.217  5615.819  8595.470   9.240   2.397   51.270   31.869  575  582   49   50 +9.168050e+10 +2.543486e+09 +2.301166e+12 0.00000 1 None   19    3  1.0000  0.5665  0.5710  0.5212  0.5512  0.5893  0.5646  0.5598  0.5574  0.5451  0.5293  0.5061  0.4530  0.3499  0.1296  0.0277  0.0871  0.3116  0.4202  0.4602  0.5507  0.5580  0.5376  0.5383  0.5429  0.5338  0.5486  0.5480  0.5835  0.5409  0.5704  0.5642  0.5736  0.5523  0.5783  0.5779  0.5624  0.5714  0.5956  0.5689  0.5676  0.5772  0.6006  0.5605  0.6195  0.5653
   39   543.912    52.180  0.177  0.023    8.294  120.672  5803.607  8556.833   3.527   1.558   19.570   20.714  542  546   52   53 +1.203669e+11 +2.452677e+09 +7.496432e+11 0.00000 1 None   22    3  1.0000  0.5377  0.5383  0.5109  0.5212  0.4901  0.5098  0.5295  0.5179  0.5224  0.4952  0.5077  0.5112  0.4129  0.3488  0.1812 -0.0487  0.0825  0.3466  0.4276  0.5163  0.4756  0.4812  0.5264  0.5124  0.5182  0.5013  0.5007  0.5322  0.5110  0.5200  0.5781  0.5139  0.5766  0.5752  0.5540  0.5177  0.5818  0.5336  0.5224  0.5595  0.5348  0.5787  0.5082  0.5374  0.5348
   40   557.755    54.844  0.152  0.037    8.184  120.172  5726.797  8521.413   9.240   4.070   51.270   54.113  552  557   52   53 +6.519400e+10 +2.581948e+09 +2.778040e+12 0.00000 1 None   23    3  1.0000  0.5602  0.4900  0.5062  0.4926  0.5020  0.5222  0.5026  0.4925  0.5156  0.5503  0.5217  0.5301  0.4329  0.4181  0.3641  0.1303 -0.0051  0.0818  0.2294  0.4076  0.4466  0.4905  0.4853  0.5221  0.5175  0.5223  0.5257  0.5426  0.5546  0.5227  0.5408  0.5638  0.5303  0.5605  0.5627  0.5145  0.5366  0.5126  0.5233  0.5178  0.5576  0.5323  0.5489  0.5280  0.5352
   41   507.846    52.528  0.141  0.055    8.580  120.606  6003.725  8552.206   4.576   1.455   25.391   19.345  507  510   52   53 +1.226985e+11 +2.608146e+09 +9.255462e+11 0.00000 1 None   24    1  1.0000  0.5536  0.5626  0.5671  0.5663  0.5288  0.5616  0.5252  0.5860  0.5276  0.6346  0.5337  0.5348  0.4567  0.3669  0.2115  0.0651  0.0666  0.2300  0.3735  0.5152  0.4925  0.4953  0.5369  0.5317  0.5904  0.5946  0.5603  0.5488  0.6143  0.6038  0.5895  0.6242  0.5784  0.5670  0.5282  0.5710  0.5715  0.5626  0.5519  0.5457  0.5552  0.5840  0.5833  0.5696  0.6027
   42   565.190    52.990  0.067  0.011    8.126  120.520  5685.543  8546.063   4.141   1.570   22.977   20.874  563  567   52   54 +1.986948e+11 +2.428711e+09 +1.463382e+12 0.00000 1 None   25    4  1.0000  0.5096  0.5225  0.4979  0.5287  0.5185  0.5382  0.5221  0.5532  0.5112  0.5215  0.5066  0.5019  0.4693  0.4032  0.2793  0.0246  0.0834  0.2874  0.4158  0.4666  0.4889  0.4823  0.5159  0.5031  0.5078  0.5042  0.5325  0.5374  0.5430  0.5420  0.5450  0.5175  0.5319  0.5638  0.5280  0.5316  0.5301  0.5375  0.5235  0.5361  0.5470  0.5286  0.5363  0.5592  0.5202
   43   585.634    53.793  0.123  0.051    7.963  120.369  5572.106  8535.387   4.045   1.601   22.444   21.286  584  587   53   56 +1.210941e+11 +2.497932e+09 +8.884939e+11 0.00000 1 None   26    4  1.0000  0.5553  0.5604  0.5658  0.5563  0.5632  0.5495  0.5047  0.6014  0.4796  0.5399  0.5047  0.5331  0.5096  0.4097  0.3487  0.0944 -0.0357  0.1705  0.3454  0.4245  0.4871  0.4967  0.5233  0.5414  0.4962  0.5283  0.5703  0.5465  0.5288  0.5652  0.5571  0.5674  0.5292  0.5796  0.5492  0.5782  0.5222  0.5605  0.5677  0.5690  0.5522  0.5425  0.5368  0.4990  0.5372
   44   550.603    54.621  0.247  0.021    8.241  120.214  5766.481  8524.378   3.938   2.231   21.851   29.662  548  553   53   56 +1.610237e+11 +2.522367e+09 +1.603451e+12 0.00000 1 None   23    3  1.0000  0.5252  0.5037  0.5053  0.4999  0.4816  0.5182  0.5226  0.5068  0.4894  0.4991  0.4994  0.4671  0.4741  0.4479  0.3984  0.1978 -0.0056  0.1308  0.3669  0.4043  0.4761  0.4432  0.4876  0.5302  0.4874  0.4909  0.4825  0.5150  0.4811  0.5163  0.5248  0.4973  0.5312  0.5214  0.5213  0.5061  0.5089  0.5131  0.5130  0.5056  0.5089  0.5129  0.5001  0.5015  0.5375
   45   524.887    55.558  0.057  0.026    8.445  120.038  5909.170  8511.920   3.692   1.492   20.486   19.837  523  527   55   56 +2.237737e+11 +2.581030e+09 +1.396990e+12 0.00000 1 None   27    1  1.0000  0.5224  0.5335  0.5101  0.5031  0.5479  0.5356  0.5284  0.5118  0.5486  0.5068  0.5069  0.5216  0.4974  0.4317  0.3976  0.2535  0.0375  0.0219  0.2610  0.3986  0.4485  0.4735  0.4985  0.5163  0.5289  0.5106  0.5283  0.5144  0.5236  0.5438  0.5263  0.5353  0.5291  0.5187  0.5095  0.5099  0.5105  0.5442  0.5405  0.5360  0.5249  0.5123  0.5355  0.5619  0.5341
   46   559.218    55.794  0.109  0.021    8.173  119.994  5718.680  8508.782   6.002   1.975   33.303   26.259  557  562   55   56 +1.148774e+11 +2.417110e+09 +1.543077e+12 0.00000 1 None   25    4  1.0000  0.5711  0.5375  0.5379  0.5345  0.5313  0.5426  0.5395  0.5103  0.5498  0.5682  0.5375  0.5438  0.4475  0.4500  0.4094  0.2222  0.0233 -0.0081  0.1734  0.3359  0.4557  0.5023  0.5097  0.5406  0.5213  0.5496  0.5427  0.5609  0.5843  0.5272  0.5473  0.5919  0.5400  0.5776  0.5634  0.5365  0.5714  0.5400  0.5286  0.5156  0.5680  0.5594  0.5773  0.5644  0.5761
   47   564.884    55.449  0.213  0.067    8.128  120.059  5687.241  8513.369   3.160   1.772   17.534   23.560  561  566   54   56 +8.901394e+10 +2.485735e+09 +5.648325e+11 0.00000 1 None   25    4  1.0000  0.5265  0.5475  0.5478  0.4885  0.6028  0.4758  0.5657  0.5553  0.5285  0.5070  0.4814  0.4711  0.4667  0.4298  0.3171  0.1727 -0.0231  0.0335  0.2205  0.3506  0.4408  0.4370  0.5130  0.4877  0.5151  0.5294  0.5317  0.5541  0.5651  0.5443  0.5738  0.5510  0.5728  0.5468  0.5352  0.5334  0.5342  0.5118  0.5224  0.5060  0.5627  0.4747  0.5111  0.5583  0.5381
   48   580.863    56.555  5.000  0.017    8.001  119.851  5598.579  8498.665   4.897   0.733   27.172    9.746  578  590   55   57 +2.256524e+11 +2.399823e+09 +9.182016e+11 0.00000 1 None   26    4  1.0000  0.4885  0.5837  0.5065  0.5336  0.5255  0.5371  0.5027  0.4586  0.5218  0.5503  0.4300  0.4652  0.4597  0.4749  0.3648  0.2962  0.0684 -0.0654  0.1749  0.3479  0.4032  0.4666  0.4674  0.5138  0.4946  0.5317  0.5156  0.4534  0.5073  0.5004  0.5114  0.5359  0.4702  0.5408  0.4981  0.5358  0.5874  0.5486  0.5123  0.5311  0.5720  0.5426  0.4942  0.5332  0.4880
   49   483.569    58.298  0.326  0.037    8.773  119.525  6138.430  8475.490   4.469   1.575   24.797   20.940  483  485   58   58 +7.623546e+10 +2.425518e+09 +6.079664e+11 0.00000 1 None   28    1  1.0000  0.5278  0.5224  0.4851  0.5182  0.4697  0.4565  0.5832  0.4455  0.5405  0.4738  0.5115  0.4805  0.5581  0.4678  0.4666  0.4378  0.2468  0.0318  0.0282  0.1514  0.3534  0.3854  0.5613  0.4467  0.5638  0.5105  0.5069  0.5354  0.5144  0.5155  0.5392  0.5637  0.4840  0.5706  0.5253  0.5257  0.5090  0.4978  0.5189  0.5420  0.5000  0.5235  0.4656  0.5535  0.5221
   50   518.435    57.505  0.531  0.066    8.496  119.673  5944.970  8486.034   5.485   1.713   30.434   22.775  517  520   57   58 +8.090068e+10 +2.652229e+09 +8.611347e+11 0.00000 1 None   29    1  1.0000  0.6503  0.6172  0.5925  0.5634  0.5629  0.6017  0.5744  0.6011  0.5883  0.5547  0.5296  0.5762  0.4811  0.4959  0.5240  0.3568  0.1229 -0.0156  0.1173  0.3019  0.3757  0.5148  0.5345  0.5532  0.5870  0.5371  0.5523  0.5578  0.5912  0.5693  0.5683  0.5887  0.6042  0.5486  0.5546  0.6204  0.5899  0.5741  0.5522  0.6000  0.5869  0.5927  0.5568  0.5518  0.5819
   51   568.987    57.716  0.053  0.027    8.095  119.634  5664.475  8483.229   4.525   2.447   25.108   32.534  566  571   57   59 +1.961743e+11 +2.500782e+09 +2.460841e+12 0.00000 1 None   25    4  1.0000  0.5280  0.5208  0.5361  0.5209  0.5207  0.5194  0.5205  0.5218  0.5047  0.5193  0.4977  0.5256  0.4853  0.4640  0.4377  0.3665  0.2139  0.0027  0.1147  0.3229  0.4191  0.4726  0.4762  0.4921  0.4915  0.4949  0.5179  0.5013  0.5028  0.5120  0.5192  0.5275  0.5087  0.5408  0.5248  0.5333  0.5343  0.4891  0.5368  0.5231  0.5399  0.5173  0.5416  0.5154  0.5124
   52   583.218    56.119  0.267  0.025    7.983  119.933  5585.512  8504.462   9.240   4.070   51.270   54.113  583  587   59   60 +1.384721e+11 +2.437077e+09 +5.900559e+12 0.00000 1 None   30    1  1.0000  0.5297  0.5522  0.5513  0.5375  0.5403  0.5446  0.5359  0.5022  0.5160  0.5218  0.5121  0.5136  0.4878  0.4648  0.3940  0.2711  0.0696  0.0232  0.1711  0.3518  0.4264  0.4669  0.5079  0.5113  0.5135  0.5277  0.5225  0.5251  0.5229  0.5482  0.5366  0.5542  0.5249  0.5485  0.5200  0.5407  0.5544  0.5516  0.5417  0.5332  0.5739  0.5368  0.5453  0.5674  0.5459
   53   580.183    61.772  0.078  0.015    8.007  118.873  5602.353  8429.302   3.924   1.677   21.773   22.297  578  582   61   62 +1.799183e+11 +2.454457e+09 +1.341680e+12 0.00000 1 None   31    1  1.0000  0.5518  0.5367  0.5601  0.5411  0.5287  0.5314  0.5093  0.5334  0.5612  0.5407  0.5213  0.5373  0.5482  0.5001  0.4600  0.4926  0.4313  0.3155  0.0911 -0.0125  0.2137  0.3756  0.4655  0.4817  0.4952  0.5146  0.5313  0.5042  0.5152  0.5374  0.5450  0.5186  0.5478  0.5246  0.5517  0.5248  0.5497  0.5451  0.5411  0.5385  0.5396  0.5459  0.5535  0.5408  0.5532
   54   507.923    66.236  0.047  0.011    8.580  118.036  6003.298  8369.950   3.513   1.463   19.492   19.451  506  510   66   67 +2.409836e+11 +2.491060e+09 +1.403615e+12 0.00000 1 None   32    1  1.0000  0.5502  0.5382  0.5511  0.5308  0.5502  0.5337  0.5271  0.5592  0.5391  0.5461  0.5619  0.5308  0.5478  0.5335  0.5476  0.5434  0.5261  0.5214  0.4738  0.4105  0.1339  0.1256  0.3975  0.4736  0.5284  0.5033  0.5269  0.5290  0.5539  0.5447  0.5394  0.5411  0.5492  0.5538  0.5359  0.5452  0.5243  0.5337  0.5536  0.5445  0.5440  0.5727  0.5376  0.5383  0.5316
   55   543.297    67.656  0.195  0.049    8.299  117.770  5807.020  8351.071   8.862   4.070   49.172   54.113  542  546   66   67 +8.057629e+10 +2.626738e+09 +3.293197e+12 0.00000 1 None   33    1  1.0000  0.5352  0.5412  0.5356  0.5416  0.5388  0.5228  0.5377  0.5258  0.5492  0.5208  0.5366  0.4978  0.4822  0.5138  0.5067  0.4928  0.5072  0.4739  0.4306  0.3645  0.1524  0.0233  0.1883  0.3318  0.4214  0.4737  0.4964  0.4963  0.5155  0.5281  0.5374  0.5199  0.4924  0.5175  0.5277  0.5370  0.5194  0.5384  0.5284  0.4986  0.5429  0.5472  0.5348  0.5160  0.5381
   56   537.352    67.859  0.132  0.023    8.346  117.732  5840.006  8348.372   9.240   4.070   51.270   54.113  535  539   67   68 +6.668974e+10 +2.469822e+09 +2.841777e+12 0.00000 1 None   34    1  1.0000  0.5345  0.5557  0.5210  0.5295  0.5558  0.5064  0.5247  0.5303  0.5716  0.5691  0.5583  0.5306  0.5090  0.5430  0.5219  0.5118  0.5153  0.4810  0.4499  0.3949  0.1693  0.0001  0.1471  0.3469  0.4373  0.4913  0.4768  0.5148  0.4886  0.5208  0.5192  0.5185  0.5054  0.5257  0.5307  0.5366  0.5045  0.5376  0.5344  0.5278  0.5445  0.5323  0.5462  0.5428  0.5488
   57   585.097    67.554  0.184  0.067    7.968  117.789  5575.086  8352.427   5.001   1.629   27.749   21.658  584  586   67   68 +8.356670e+10 +2.526560e+09 +7.716174e+11 0.00000 1 None   35    1  1.0000  0.5908  0.5644  0.5606  0.6070  0.5848  0.5963  0.6144  0.6106  0.5924  0.6459  0.5520  0.5726  0.6311  0.5373  0.5819  0.5423  0.5199  0.5006  0.4033  0.3211  0.0726  0.0457  0.1059  0.3867  0.4751  0.5582  0.5129  0.5140  0.5515  0.5620  0.5961  0.5650  0.5894  0.5457  0.6037  0.6283  0.5802  0.5874  0.5786  0.5761  0.6195  0.6282  0.5872  0.6009  0.6480
   58   543.559    67.630  0.168  0.016    8.297  117.775  5805.566  8351.417   8.452   4.070   46.897   54.113  542  546   69   70 +8.586016e+10 +2.497062e+09 +3.346830e+12 0.00000 1 None   36    1  1.0000  0.5265  0.5405  0.5290  0.5392  0.5376  0.5143  0.5349  0.5252  0.5463  0.5185  0.5339  0.4968  0.4908  0.5051  0.5103  0.4935  0.5024  0.4731  0.4247  0.3635  0.1654  0.0316  0.1726  0.3228  0.4193  0.4628  0.4888  0.4976  0.5137  0.5151  0.5321  0.5202  0.4958  0.5152  0.5218  0.5385  0.5184  0.5359  0.5317  0.4967  0.5411  0.5430  0.5276  0.5188  0.5375
   59   531.963    69.691  0.055  0.016    8.389  117.388  5869.908  8324.015   3.567   1.500   19.792   19.943  530  534   69   70 +2.009300e+11 +2.496824e+09 +1.218306e+12 0.00000 1 None   37    1  1.0000  0.5428  0.5661  0.5369  0.5396  0.5285  0.5585  0.5530  0.5484  0.5422  0.5457  0.5237  0.5373  0.5392  0.5437  0.5176  0.5276  0.5161  0.5209  0.4848  0.4413  0.3459  0.1251 -0.0343  0.2277  0.3933  0.4626  0.4773  0.5228  0.5127  0.5124  0.5346  0.5220  0.5209  0.5595  0.5366  0.5552  0.5410  0.5495  0.5530  0.5285  0.5263  0.5323  0.5271  0.5474  0.5342
   60   552.113    71.619  0.110  0.014    8.229  117.027  5758.103  8298.381   3.471   0.853   19.259   11.341  549  554   71   73 +2.639763e+11 +2.498418e+09 +8.855669e+11 0.00000 1 None   38    4  1.0000  0.5865  0.5630  0.5302  0.5293  0.5666  0.5350  0.5375  0.5550  0.5577  0.5579  0.5424  0.5507  0.5407  0.5787  0.5486  0.5566  0.5266  0.5464  0.5223  0.5074  0.4301  0.3633  0.0880 -0.0100  0.3619  0.4867  0.4995  0.5141  0.4970  0.5283  0.5388  0.5766  0.5354  0.5390  0.5587  0.5308  0.5393  0.5768  0.5735  0.5241  0.5417  0.5903  0.5746  0.5808  0.5540
   61   549.522    72.956  0.310  0.028    8.250  116.776  5772.479  8280.604   6.145   1.754   34.096   23.320  543  553   72   74 +1.656398e+11 +2.502374e+09 +2.023035e+12 0.00000 1 None   38    4  1.0000  0.5159  0.5310  0.5292  0.5544  0.5385  0.5351  0.5347  0.5455  0.5498  0.5085  0.5437  0.5483  0.5282  0.5200  0.5043  0.5269  0.5027  0.5298  0.5084  0.4928  0.4513  0.3703  0.1451 -0.0069  0.1423  0.3661  0.4409  0.4778  0.4948  0.4883  0.5249  0.5331  0.5311  0.5256  0.5201  0.5138  0.5427  0.5394  0.5296  0.5351  0.5535  0.5390  0.5321  0.5473  0.5421
   62   546.453    74.415  0.142  0.013    8.274  116.503  5789.508  8261.206   4.010   0.804   22.250   10.690  543  551   73   75 +3.641920e+11 +2.401544e+09 +1.329865e+12 0.00000 1 None   38    4  1.0000  0.5358  0.5390  0.4951  0.5404  0.5028  0.5641  0.5141  0.5291  0.5456  0.5381  0.5453  0.5385  0.5262  0.5382  0.5115  0.5086  0.5389  0.5013  0.4952  0.4925  0.4877  0.4213  0.2876  0.1161  0.0557  0.2840  0.4186  0.5005  0.4967  0.5137  0.5069  0.5133  0.5278  0.5222  0.5406  0.5182  0.5308  0.5463  0.5197  0.5412  0.5254  0.5458  0.5409  0.5319  0.5247
   63   514.432    76.449  0.091  0.022    8.528  116.121  5967.182  8234.163   3.365   1.291   18.671   17.165  512  516   76   77 +2.670939e+11 +2.622508e+09 +1.315210e+12 0.00000 1 None   39    1  1.0000  0.5208  0.5530  0.5233  0.5393  0.5502  0.5500  0.5488  0.5274  0.5178  0.5366  0.5379  0.5321  0.5112  0.5223  0.5285  0.5380  0.5278  0.5220  0.5047  0.4968  0.4868  0.4992  0.4266  0.2901  0.1026  0.1381  0.3480  0.4420  0.4982  0.5070  0.5388  0.4971  0.5177  0.5393  0.5296  0.5064  0.5300  0.5248  0.5227  0.5074  0.5183  0.5580  0.5347  0.5516  0.5443
   64   564.276    75.737  0.111  0.027    8.133  116.255  5690.615  8243.630   4.171   2.104   23.143   27.974  561  566   75   76 +1.250455e+11 +2.399779e+09 +1.243365e+12 0.00000 1 None   40    2  1.0000  0.5634  0.5640  0.5374  0.5781  0.5090  0.5114  0.5314  0.5607  0.5072  0.5293  0.5109  0.5431  0.5333  0.5197  0.5300  0.4997  0.5211  0.5524  0.5284  0.5312  0.4709  0.4183  0.3486  0.1467  0.0037  0.1163  0.3254  0.4250  0.4248  0.5009  0.5195  0.5331  0.4966  0.5200  0.4825  0.5618  0.5516  0.5547  0.5292  0.5410  0.5211  0.5570  0.5328  0.5270  0.5337
   65   530.206    77.105  0.085  0.012    8.403  115.998  5879.657  8225.441   3.763   1.587   20.880   21.100  528  532   76   78 +1.872409e+11 +2.460683e+09 +1.266683e+12 0.00000 1 None   41    1  1.0000  0.5153  0.5492  0.5268  0.5198  0.5427  0.5347  0.5121  0.5378  0.5633  0.5501  0.5373  0.5092  0.5445  0.5366  0.5215  0.5541  0.5353  0.4935  0.5251  0.5101  0.5094  0.4994  0.4319  0.3677  0.0834  0.0906  0.3024  0.4281  0.4720  0.5150  0.5105  0.5186  0.5197  0.5259  0.5122  0.5389  0.5150  0.5567  0.5255  0.5359  0.5306  0.5348  0.5191  0.5299  0.5334
   66   558.805    76.550  0.119  0.074    8.176  116.102  5720.971  8232.820   4.279   1.846   23.743   24.544  558  560   76   77 +1.055492e+11 +2.629316e+09 +9.447140e+11 0.00000 1 None   40    2  1.0000  0.5547  0.5621  0.5441  0.5230  0.5481  0.5737  0.5800  0.5513  0.5137  0.5292  0.5787  0.5312  0.5167  0.5136  0.5097  0.5263  0.5379  0.5415  0.5359  0.4914  0.5083  0.4383  0.3433  0.1837  0.0568 -0.0005  0.1745  0.3522  0.4494  0.4920  0.4852  0.5219  0.5222  0.5213  0.5220  0.5255  0.5454  0.5323  0.5340  0.5712  0.5114  0.5678  0.5393  0.5653  0.5879
   67   543.501    78.459  0.097  0.023    8.298  115.744  5805.888  8207.439   3.692   1.166   20.486   15.503  541  547   78   79 +3.242823e+11 +2.639883e+09 +1.582582e+12 0.00000 1 None   42    2  1.0000  0.5624  0.5399  0.5630  0.5464  0.5621  0.5538  0.5621  0.5621  0.5552  0.5542  0.5585  0.5473  0.5697  0.5445  0.5589  0.5401  0.5498  0.5414  0.5575  0.5464  0.5460  0.5297  0.5199  0.4617  0.3168 -0.0260  0.3030  0.4528  0.5347  0.5418  0.5333  0.5372  0.5606  0.5490  0.5638  0.5501  0.5526  0.5654  0.5367  0.5439  0.5591  0.5808  0.5648  0.5601  0.5728
   68   548.310    78.722  0.088  0.015    8.259  115.695  5779.205  8203.942   3.831   1.502   21.257   19.970  545  550   78   79 +1.984934e+11 +2.463269e+09 +1.293801e+12 0.00000 1 None   42    2  1.0000  0.5618  0.5404  0.5438  0.5476  0.5227  0.5628  0.5624  0.5204  0.5563  0.5495  0.5384  0.5384  0.5684  0.5377  0.5458  0.5511  0.5315  0.5521  0.5504  0.5197  0.5507  0.4944  0.4663  0.4171  0.3161 -0.1143  0.1504  0.3780  0.4615  0.5212  0.5167  0.5401  0.5379  0.5298  0.5475  0.5456  0.5358  0.5474  0.5550  0.5548  0.5436  0.5522  0.5543  0.5357  0.5330
   69   577.235    80.549  0.123  0.047    8.030  115.353  5618.710  8179.651   4.456   1.634   24.725   21.725  575  579   80   81 +1.310199e+11 +2.555337e+09 +1.080848e+12 0.00000 1 None   43    1  1.0000  0.5299  0.5497  0.5559  0.5622  0.5789  0.5790  0.5367  0.5068  0.5519  0.5278  0.5790  0.5394  0.5236  0.5318  0.5617  0.5382  0.5446  0.5351  0.5188  0.5562  0.4915  0.5137  0.4717  0.4201  0.3374  0.0940 -0.0484  0.1792  0.3847  0.4408  0.4857  0.5090  0.5102  0.5449  0.5311  0.5023  0.5466  0.5325  0.5514  0.5542  0.5511  0.5623  0.5489  0.5437  0.5545
   70   551.383    83.509  0.150  0.037    8.235  114.798  5762.153  8140.297   4.230   1.353   23.471   17.989  550  553   83   84 +1.818202e+11 +2.662863e+09 +1.179544e+12 0.00000 1 None   44    1  1.0000  0.5728  0.5802  0.5742  0.5635  0.5837  0.5536  0.5593  0.5798  0.5422  0.5424  0.5587  0.5391  0.5683  0.5351  0.5497  0.5633  0.5365  0.5557  0.5334  0.5329  0.5418  0.5375  0.5620  0.4962  0.4995  0.4196  0.1857 -0.0355  0.2177  0.4163  0.4894  0.5308  0.5312  0.5475  0.5251  0.5678  0.5940  0.5783  0.5454  0.5605  0.5645  0.5860  0.5483  0.5560  0.5578
   71   566.462    85.616  0.083  0.013    8.115  114.403  5678.485  8112.283   3.535   1.319   19.614   17.537  564  569   85   86 +3.248280e+11 +2.589095e+09 +1.716454e+12 0.00000 1 None   45    1  1.0000  0.5405  0.5603  0.5532  0.5683  0.5617  0.5649  0.5547  0.5399  0.5630  0.5593  0.5442  0.5437  0.5383  0.5412  0.5588  0.5526  0.5385  0.5460  0.5592  0.5586  0.5559  0.5564  0.5096  0.5246  0.5189  0.4922  0.4313  0.1695  0.0648  0.3340  0.4664  0.5055  0.5342  0.5475  0.5314  0.5528  0.5457  0.5278  0.5415  0.5465  0.5536  0.5368  0.5377  0.5436  0.5579
   72   573.877    88.630  0.080  0.024    8.057  113.837  5637.342  8072.210   4.157   1.577   23.066   20.967  572  576   88   89 +1.601355e+11 +2.506998e+09 +1.189608e+12 0.00000 1 None   46    1  1.0000  0.5268  0.5541  0.5586  0.5296  0.5577  0.5615  0.5679  0.5423  0.5601  0.5415  0.5442  0.5094  0.5244  0.5746  0.5471  0.5454  0.5247  0.5336  0.5146  0.5446  0.5130  0.5502  0.5478  0.5201  0.5160  0.4923  0.4836  0.3578  0.1407 -0.0807  0.1736  0.3641  0.4736  0.4300  0.5230  0.5357  0.5296  0.5718  0.5317  0.5434  0.5361  0.5295  0.5667  0.5499  0.5464
   73   517.336   101.227  0.124  0.013    8.505  111.475  5951.068  7904.727   3.865   1.390   21.446   18.481  515  519  101  102 +1.955878e+11 +2.467936e+09 +1.191029e+12 0.00000 1 None   47    3  1.0000  0.5425  0.5095  0.5350  0.5498  0.5483  0.5390  0.5650  0.5487  0.5202  0.5503  0.5420  0.5463  0.5063  0.5356  0.5344  0.5560  0.5372  0.5678  0.5153  0.5248  0.5415  0.5361  0.5131  0.5375  0.5136  0.5130  0.5426  0.5017  0.5416  0.5001  0.4489  0.4516  0.3345  0.1137  0.0295  0.2850  0.3985  0.4879  0.5095  0.5161  0.5065  0.5457  0.5260  0.5027  0.5396
   74   511.925   103.776  0.056  0.012    8.548  110.998  5981.092  7870.836   3.918   1.490   21.740   19.810  510  515  103  104 +2.028745e+11 +2.465752e+09 +1.341784e+12 0.00000 1 None   47    3  1.0000  0.5253  0.5355  0.5386  0.5217  0.5255  0.5214  0.5261  0.5365  0.5338  0.5312  0.5415  0.4990  0.5019  0.5389  0.5206  0.5404  0.5192  0.5205  0.5233  0.5478  0.4956  0.4927  0.5177  0.5366  0.5200  0.5275  0.5319  0.4986  0.5282  0.5134  0.5006  0.4668  0.4561  0.3649  0.1159  0.1046  0.3449  0.4254  0.4700  0.5071  0.5294  0.4847  0.5235  0.5053  0.5289
   75   518.495   103.607  0.108  0.013    8.496  111.029  5944.637  7873.083   3.672   1.274   20.375   16.939  516  521  103  104 +3.298236e+11 +2.577920e+09 +1.748194e+12 0.00000 1 None   47    3  1.0000  0.5420  0.5431  0.5221  0.5394  0.5462  0.5300  0.5475  0.5260  0.5343  0.5329  0.5255  0.5307  0.5226  0.5294  0.5267  0.5394  0.5313  0.5216  0.5115  0.5263  0.5284  0.5339  0.5378  0.5335  0.5385  0.5142  0.5193  0.5151  0.5317  0.5226  0.5112  0.5021  0.4693  0.3929  0.1570  0.0500  0.3849  0.4587  0.5000  0.5198  0.5301  0.5137  0.5150  0.5135  0.5092
   76   498.312   107.936  0.111  0.011    8.656  110.218  6056.625  7815.527   3.833   1.537   21.268   20.435  496  501  107  109 +2.002423e+11 +2.449416e+09 +1.336680e+12 0.00000 1 None   48    1  1.0000  0.5577  0.5409  0.5428  0.5302  0.5564  0.5358  0.5311  0.5605  0.5406  0.5165  0.5490  0.5428  0.5338  0.5564  0.5125  0.5240  0.5334  0.5209  0.5336  0.5520  0.5372  0.5173  0.5503  0.5529  0.5249  0.5386  0.5598  0.5572  0.5175  0.5088  0.5295  0.5445  0.4967  0.4809  0.4703  0.2668 -0.0942  0.2556  0.3836  0.4793  0.5003  0.5295  0.5138  0.5315  0.5241
   77   539.237   110.110  0.204  0.038    8.331  109.810  5829.547  7786.623   9.240   4.070   51.270   54.113  541  544  108  109 +6.438239e+10 +2.498435e+09 +2.743456e+12 0.00000 1 None   49    1  1.0000  0.5422  0.5755  0.5033  0.5378  0.5202  0.5872  0.5488  0.5375  0.5646  0.5256  0.5438  0.5801  0.5207  0.5581  0.5493  0.4824  0.5116  0.5367  0.5125  0.5279  0.5504  0.5501  0.5285  0.5388  0.5491  0.5375  0.5363  0.5391  0.5095  0.5154  0.5160  0.5051  0.4983  0.4771  0.4582  0.3499  0.1326 -0.0475  0.2278  0.3956  0.4920  0.4570  0.5023  0.5206  0.5484
   78   564.495   107.594  0.141  0.023    8.131  110.282  5689.399  7820.074   4.008   1.408   22.239   18.720  563  566  107  108 +1.951706e+11 +2.610223e+09 +1.247908e+12 0.00000 1 None   50    1  1.0000  0.5617  0.5109  0.5605  0.5475  0.5644  0.5506  0.5510  0.5670  0.5579  0.5399  0.5737  0.5480  0.5585  0.5474  0.5484  0.5628  0.5608  0.5469  0.5574  0.5365  0.5647  0.5509  0.5667  0.5690  0.5471  0.5462  0.5947  0.5595  0.5258  0.5276  0.5227  0.5490  0.5123  0.4780  0.4247  0.2518 -0.0110  0.2854  0.4200  0.4707  0.5011  0.5244  0.5447  0.5381  0.5484
   79   519.552   109.951  0.117  0.012    8.487  109.840  5938.772  7788.736   4.118   1.602   22.849   21.299  517  522  109  111 +1.868852e+11 +2.468950e+09 +1.397507e+12 0.00000 1 None   51    1  1.0000  0.5389  0.5249  0.5179  0.5015  0.5374  0.5289  0.5175  0.5250  0.4912  0.5138  0.5334  0.4873  0.5045  0.5288  0.5164  0.5352  0.5050  0.4933  0.5064  0.4961  0.5316  0.5220  0.5189  0.5316  0.5024  0.5115  0.5385  0.5151  0.5041  0.5231  0.5242  0.4813  0.4720  0.4437  0.4141  0.3508  0.1483 -0.0808  0.2279  0.3721  0.4237  0.4854  0.4791  0.5046  0.4709
   80   537.059   110.338  0.180  0.033    8.349  109.767  5841.632  7783.591   6.222   1.843   34.524   24.504  535  539  110  111 +1.133336e+11 +2.534402e+09 +1.472719e+12 0.00000 1 None   52    1  1.0000  0.5426  0.5602  0.5281  0.5422  0.5551  0.5759  0.5486  0.5360  0.5624  0.5415  0.5518  0.5844  0.5169  0.5439  0.5172  0.5140  0.5695  0.5386  0.5396  0.5425  0.5346  0.5778  0.5288  0.5762  0.5584  0.5415  0.5335  0.5723  0.5414  0.5270  0.5394  0.5275  0.4890  0.4955  0.4778  0.3805  0.2060 -0.0638  0.1755  0.4103  0.4863  0.4982  0.5275  0.5412  0.5639
   81   530.055   110.394  0.142  0.091    8.404  109.757  5880.495  7782.847   9.240   1.808   51.270   24.038  528  530  110  111 +6.870923e+10 +2.629380e+09 +1.300939e+12 0.00000 1 None   53    1  1.0000  0.6021  0.5392  0.5590  0.5295  0.6186  0.5623  0.5357  0.5553  0.5227  0.5059  0.5237  0.5539  0.5129  0.5594  0.5431  0.5743  0.5917  0.5354  0.5814  0.5543  0.5507  0.5964  0.5632  0.5734  0.5345  0.5717  0.6163  0.5614  0.5780  0.5171  0.5050  0.5369  0.5088  0.5001  0.4523  0.3518  0.1489 -0.0338  0.1411  0.3253  0.4718  0.4984  0.4847  0.5169  0.5712
   82   516.432   114.738  0.096  0.011    8.512  108.942  5956.084  7725.091   3.661   1.455   20.314   19.345  514  519  114  115 +2.512282e+11 +2.542228e+09 +1.516680e+12 0.00000 1 None   54    1  1.0000  0.5888  0.5760  0.5892  0.5851  0.5973  0.5883  0.5828  0.6001  0.5832  0.6058  0.5711  0.5856  0.5849  0.5846  0.5875  0.6037  0.5718  0.5957  0.5950  0.5954  0.6003  0.6085  0.6019  0.5889  0.5809  0.5925  0.5901  0.5907  0.5937  0.5980  0.5805  0.5558  0.5957  0.5824  0.5776  0.5681  0.5280  0.4651  0.2341  0.1290  0.4615  0.5258  0.5522  0.5588  0.5824
   83   560.299   116.812  0.113  0.019    8.164  108.553  5712.682  7697.516   4.235   1.649   23.499   21.924  558  562  116  118 +1.491500e+11 +2.468369e+09 +1.180373e+12 0.00000 1 None   55    2  1.0000  0.6402  0.6386  0.6511  0.6070  0.6301  0.6168  0.6259  0.6744  0.6538  0.6604  0.6155  0.6382  0.6490  0.6180  0.6418  0.6594  0.6340  0.5771  0.6182  0.6662  0.6175  0.6093  0.6316  0.6510  0.6378  0.6263  0.6566  0.6217  0.6407  0.6436  0.6062  0.6250  0.6127  0.5976  0.6070  0.5960  0.5515  0.4759  0.3229  0.0532  0.1025  0.3881  0.5349  0.5872  0.5945
   84   522.404   117.581  0.166  0.020    8.465  108.409  5922.948  7687.292   4.114   1.379   22.827   18.335  520  525  117  118 +2.336860e+11 +2.567619e+09 +1.501992e+12 0.00000 1 None   56    1  1.0000  0.5630  0.5719  0.5353  0.5545  0.5738  0.5453  0.5737  0.5786  0.5497  0.5870  0.5295  0.5415  0.5666  0.5612  0.5647  0.5254  0.5502  0.5787  0.5676  0.5443  0.5610  0.5672  0.5515  0.5517  0.5498  0.5895  0.5572  0.5528  0.5483  0.5639  0.5659  0.5438  0.5527  0.5731  0.5510  0.5180  0.5127  0.4969  0.4195  0.1289  0.0498  0.3323  0.4620  0.5062  0.5081
   88   557.056   118.750  0.065  0.012    8.190  108.190  5730.676  7671.749   4.751   1.464   26.362   19.465  554  560  118  119 +2.027862e+11 +2.466760e+09 +1.597822e+12 0.00000 1 None   55    2  1.0000  0.5835  0.5505  0.5596  0.5773  0.5674  0.5600  0.5715  0.5901  0.5584  0.5677  0.5803  0.5687  0.5885  0.5495  0.5922  0.5867  0.5758  0.5773  0.5688  0.5741  0.5585  0.5803  0.5676  0.5605  0.5851  0.5716  0.5517  0.5711  0.5835  0.5921  0.5759  0.5909  0.5455  0.5532  0.5532  0.5404  0.5545  0.5482  0.4562  0.3235 -0.1360  0.2431  0.4614  0.5115  0.5257
   89   542.790    73.433  0.111  0.020    8.303  116.687  5809.833  8274.263   3.595   1.388   19.947   18.454  540  545   72   74 +2.206107e+11 +3.091720e+09 +1.247410e+12 0.00000 1 None   38    4  1.0000  0.5117  0.5361  0.5315  0.5331  0.5272  0.5095  0.5423  0.5342  0.5082  0.5426  0.5129  0.5202  0.5305  0.5222  0.5566  0.5294  0.5341  0.5150  0.5099  0.5229  0.4780  0.4255  0.2378 -0.0541  0.1248  0.3528  0.4646  0.4766  0.5129  0.4979  0.5203  0.5058  0.5227  0.5235  0.5061  0.5491  0.5099  0.5253  0.5473  0.5395  0.5212  0.5433  0.5284  0.5303  0.5591
   91   552.928    38.533  0.111  0.020    8.223  123.231  5753.581  8738.276   3.300   0.692   18.311    9.201  549  554   37   39 +4.694607e+11 +3.091720e+09 +1.214625e+12 0.00000 1 None    9   12  1.0000  0.4951  0.5507  0.4996  0.5582  0.5367  0.5312  0.4963  0.5070  0.4946  0.2350 -0.1672  0.0760  0.3539  0.4573  0.4645  0.4786  0.5070  0.4827  0.5074  0.5477  0.5226  0.5125  0.5498  0.5483  0.5585  0.5373  0.5335  0.5565  0.4640  0.5384  0.5627  0.5121  0.4970  0.5374  0.5219  0.5532  0.5000  0.5194  0.5412  0.5437  0.5353  0.4997  0.5193  0.4981  0.5169
   92   548.817    41.133  0.111  0.020    8.255  122.743  5776.391  8703.708   5.852   2.423   32.471   32.215  545  550   40   42 +1.426121e+11 +3.091720e+09 +2.291313e+12 0.00000 1 None    9   12  1.0000  0.5400  0.5292  0.5254  0.5219  0.5329  0.5300  0.4899  0.4911  0.4320  0.3583  0.1734 -0.0100  0.0696  0.3225  0.4064  0.4738  0.4827  0.5309  0.5141  0.5049  0.5355  0.5421  0.5455  0.5574  0.5479  0.5713  0.5590  0.5177  0.5307  0.5249  0.5329  0.5407  0.5377  0.5288  0.5308  0.5381  0.5504  0.5526  0.5213  0.5349  0.5364  0.5572  0.5562  0.5529  0.5523
   94   546.618    38.504  0.111  0.020    8.273  123.236  5788.593  8738.662   5.620   0.804   31.183   10.690  544  549   37   39 +6.394028e+11 +3.091720e+09 +3.274047e+12 0.00000 1 None    9   12  1.0000  0.5210  0.5282  0.5196  0.5167  0.5070  0.5064  0.4679  0.4407  0.3809  0.1728 -0.0773  0.1480  0.3165  0.4167  0.4783  0.4764  0.5229  0.5118  0.5066  0.5246  0.5187  0.5191  0.5262  0.5231  0.5285  0.5341  0.5376  0.5230  0.5272  0.5406  0.5227  0.5324  0.5415  0.5396  0.5293  0.5265  0.5308  0.5147  0.5287  0.5298  0.5437  0.5304  0.5374  0.5276  0.5212
   95   553.152    32.690  0.111  0.020    8.221  124.326  5752.338  8815.963   5.918   1.763   32.837   23.440  551  556   32   34 +8.102324e+10 +3.091720e+09 +9.582019e+11 0.00000 1 None    8    7  1.0000  0.5243  0.4653  0.4728  0.4495  0.4556  0.3905  0.3286  0.1029 -0.0104  0.1620  0.3840  0.4131  0.4699  0.4984  0.5016  0.4472  0.5401  0.5175  0.4805  0.5509  0.5002  0.5311  0.5647  0.4925  0.4922  0.4876  0.5112  0.5077  0.5044  0.4810  0.4924  0.5340  0.5176  0.5200  0.5268  0.5285  0.5238  0.5450  0.4537  0.5411  0.5091  0.5263  0.4536  0.5000  0.5116
   96   555.747    33.667  0.111  0.020    8.200  124.143  5737.939  8802.973   4.272   1.489   23.704   19.797  553  558   33   35 +1.849767e+11 +3.091720e+09 +1.333413e+12 0.00000 1 None    8    7  1.0000  0.5010  0.5518  0.5253  0.5172  0.5083  0.4746  0.4173  0.2412 -0.0083  0.1194  0.3271  0.4400  0.4674  0.4964  0.5002  0.5356  0.5097  0.5233  0.5276  0.5189  0.5074  0.5109  0.5244  0.5412  0.5278  0.5395  0.5297  0.5451  0.5308  0.5102  0.5313  0.5395  0.5275  0.5334  0.4983  0.5229  0.5361  0.5170  0.5336  0.5214  0.5408  0.5333  0.5456  0.5106  0.5331
   97   561.459    34.949  0.111  0.020    8.155  123.903  5706.245  8785.928   3.672   1.624   20.375   21.592  558  563   34   36 +4.973549e+11 +3.091720e+09 +3.360907e+12 0.00000 1 None    8    7  1.0000  0.5639  0.5622  0.5660  0.5552  0.5361  0.5486  0.5117  0.4222  0.1689  0.0869  0.3487  0.4872  0.5130  0.5509  0.5634  0.5637  0.5668  0.5585  0.5663  0.5777  0.5801  0.5767  0.5775  0.5854  0.5872  0.5884  0.5746  0.5843  0.5828  0.5801  0.5797  0.5678  0.5645  0.5911  0.5648  0.5758  0.5870  0.5885  0.5886  0.5791  0.5776  0.5855  0.5914  0.5864  0.5737
   98   549.073    50.289  0.111  0.020    8.253  121.026  5774.971  8581.975   9.240   4.070   51.270   54.113  549  554   52   54 +1.301449e+11 +3.091720e+09 +5.545723e+12 0.00000 1 None   23    3  1.0000  0.5396  0.5317  0.5542  0.5272  0.5385  0.5189  0.5435  0.5287  0.5076  0.4939  0.4748  0.4617  0.3959  0.2314  0.0725  0.0720  0.2524  0.4007  0.4700  0.4885  0.5018  0.5314  0.5130  0.5183  0.5161  0.5343  0.5398  0.5440  0.5209  0.5398  0.5128  0.5308  0.5328  0.5299  0.5234  0.5345  0.5382  0.5602  0.5441  0.5353  0.5421  0.5230  0.5339  0.5452  0.5435
   99   584.391    55.833  0.111  0.020    7.973  119.987  5579.003  8508.264   9.240   1.713   51.270   22.775  583  588   54   56 +1.361982e+11 +3.091720e+09 +2.442860e+12 0.00000 1 None   26    4  1.0000  0.5469  0.5348  0.5681  0.5338  0.5481  0.5408  0.5223  0.5273  0.5076  0.5175  0.5570  0.5110  0.5068  0.4474  0.4003  0.2226  0.0170  0.0434  0.2502  0.4076  0.4586  0.4857  0.5309  0.5091  0.5108  0.5332  0.5469  0.5511  0.5362  0.5719  0.5461  0.5399  0.5449  0.5459  0.5364  0.5470  0.5621  0.5564  0.5552  0.5314  0.5643  0.5318  0.5507  0.5840  0.5748
  100   584.143    59.382  0.111  0.020    7.975  119.321  5580.379  8461.078   9.240   4.070   51.270   54.113  578  583   55   57 +5.898533e+10 +3.091720e+09 +2.513470e+12 0.00000 1 None   26    4  1.0000  0.5311  0.5406  0.5346  0.5446  0.5357  0.5424  0.5766  0.5240  0.5290  0.5225  0.4965  0.5623  0.4952  0.4962  0.4471  0.3757  0.2369  0.0720 -0.0100  0.1986  0.3546  0.4025  0.4821  0.5013  0.5487  0.5258  0.4738  0.5354  0.5074  0.5347  0.5402  0.5818  0.5352  0.5648  0.5109  0.5179  0.4883  0.5246  0.5587  0.5563  0.5688  0.5664  0.5707  0.5588  0.5421
  101   551.769    52.967  0.111  0.020    8.232  120.524  5760.012  8546.369   7.115   4.070   39.479   54.113  546  551   48   50 +1.200169e+11 +3.091720e+09 +3.938078e+12 0.00000 1 None   22    3  1.0000  0.5448  0.5159  0.5412  0.5194  0.5121  0.5224  0.5410  0.5271  0.5127  0.5059  0.4906  0.4696  0.4682  0.3784  0.2640  0.1014  0.0340  0.2153  0.3788  0.4297  0.4873  0.4786  0.4923  0.5277  0.4890  0.5065  0.5246  0.5236  0.5084  0.5454  0.5238  0.5226  0.5377  0.5385  0.5282  0.5179  0.5301  0.5373  0.5217  0.5178  0.5291  0.5231  0.5176  0.5240  0.5272
  102   529.851    27.707  0.111  0.020    8.406  125.260  5881.627  8882.214   4.199   1.553   23.299   20.648  527  532   26   28 +1.544483e+11 +3.091720e+09 +1.141500e+12 0.00000 1 None    5    5  1.0000  0.5268  0.4964  0.4895  0.4209  0.3832  0.1784 -0.0649  0.1279  0.3552  0.4520  0.4965  0.5167  0.5173  0.5340  0.5395  0.5420  0.5381  0.5094  0.5460  0.5437  0.5271  0.5531  0.5512  0.5585  0.5808  0.5579  0.5432  0.5469  0.5341  0.5426  0.5770  0.5474  0.5457  0.5655  0.5579  0.5542  0.5141  0.5473  0.5634  0.5150  0.4708  0.5290  0.5739  0.5349  0.5689
  103   562.316    35.558  0.111  0.020    8.148  123.788  5701.490  8777.831   2.589   1.265   14.365   16.819  559  564   34   36 +2.798893e+11 +3.091720e+09 +1.038808e+12 0.00000 1 None    8    7  1.0000  0.5593  0.5575  0.5172  0.5487  0.5529  0.5181  0.4751  0.4112  0.1908 -0.0377  0.1789  0.3784  0.5046  0.4911  0.5235  0.5321  0.5589  0.5595  0.5706  0.5276  0.5290  0.5442  0.5415  0.5410  0.5520  0.5343  0.5614  0.5288  0.5304  0.5483  0.5788  0.5559  0.5803  0.5516  0.5810  0.5842  0.5479  0.5810  0.5609  0.5775  0.5819  0.5935  0.5580  0.5498  0.5848
  104   557.708    34.515  0.111  0.020    8.185  123.984  5727.058  8791.698   3.780   0.803   20.974   10.676  555  560   34   36 +8.204141e+11 +3.091720e+09 +2.820124e+12 0.00000 1 None    8    7  1.0000  0.5223  0.5169  0.5070  0.4898  0.4990  0.4712  0.4027  0.3099  0.0650  0.0073  0.2701  0.4043  0.4734  0.4840  0.5114  0.5106  0.5168  0.5140  0.5153  0.5148  0.5247  0.5248  0.5225  0.5186  0.5036  0.5151  0.5210  0.5127  0.5253  0.5273  0.5258  0.5209  0.5150  0.5220  0.5328  0.5327  0.5146  0.5306  0.5321  0.5221  0.5065  0.5351  0.5227  0.5227  0.5331
  105   551.850    37.547  0.111  0.020    8.231  123.415  5759.562  8751.386   9.240   4.070   51.270   54.113  545  551   39   41 +6.630897e+10 +3.091720e+09 +2.825551e+12 0.00000 1 None    9   12  1.0000  0.5923  0.5238  0.5218  0.4997  0.4955  0.4619  0.4947  0.3769  0.2225  0.1362  0.1647  0.3083  0.4380  0.4258  0.4984  0.5215  0.4858  0.5535  0.5525  0.5178  0.5356  0.5231  0.5444  0.5337  0.5513  0.5329  0.5215  0.5116  0.5305  0.5017  0.5266  0.5263  0.5412  0.5419  0.5766  0.5577  0.5492  0.5383  0.5020  0.5584  0.5267  0.5348  0.5731  0.5347  0.5254
  106   550.056    40.359  0.111  0.020    8.246  122.888  5769.516  8713.999   3.299   0.802   18.305   10.663  547  553   38   40 +3.350075e+11 +3.091720e+09 +1.004063e+12 0.00000 1 None    9   12  1.0000  0.5616  0.5611  0.5376  0.5315  0.5472  0.5408  0.4912  0.4865  0.5001  0.3243  0.0393 -0.0059  0.3279  0.4725  0.4861  0.5316  0.5324  0.5289  0.5624  0.5695  0.5757  0.5434  0.5686  0.5557  0.5638  0.5353  0.5421  0.6031  0.5243  0.5963  0.5766  0.5518  0.5489  0.5624  0.5638  0.5794  0.5706  0.5225  0.5597  0.5889  0.5900  0.5679  0.5518  0.5461  0.5640
