Assignment	w1	w2	volume	fit method	fit height	data height

G349N-H	111.9774	8.4728	165439394345.84186	159109906432.0
G423N-H	111.4866	8.5155	178875990196.36752	173796278272.0
G446N-H	110.7735	8.0976	118590600256.26944	113851219968.0
G414N-H	110.2566	8.3137	138503517601.15015	134005538816.0
G421N-H	110.7161	8.6235	197183200372.82373	187541749760.0
G442N-H	110.3381	8.4543	135785860625.3505	133273083904.0
G332N-H	109.4321	8.4788	253651864850.4571	241063247872.0
G371N-H	109.0541	8.1310	121884241957.6503	117570535424.0
G416N-H	108.8997	8.4324	186939799995.82324	175830401024.0
G419N-H	108.6871	8.1569	160418950360.91296	156842393600.0
G407N-H	110.6465	8.2741	68079145633.82931	66189185024.0
G394N-H	110.2291	8.3797	57801297946.68431	57407188992.0
G335N-H	111.5274	8.4639	283318854077.37085	258720235520.0
T336N-H	114.8932	8.0826	216819605678.2301	203828412416.0
S411N-H	114.3256	8.0228	116766604901.43808	114975932416.0
S426N-H	116.4912	8.3690	156325786123.47382	150126510080.0
S341N-H	116.6225	8.4951	187020726288.91046	179790036992.0
T435N-H	115.8371	7.9970	100269845952.95627	97464205312.0
T438N-H	116.7383	8.0999	84508333789.87663	82047131648.0
S395N-H	116.6101	8.1437	78554684921.80965	77518462976.0
S333N-H	116.2575	8.2651	231143522470.5542	222276468736.0
S422N-H	116.1923	8.2264	157879205688.67618	160252674048.0
S430N-H	115.2912	8.2004	136202073078.86058	132492500992.0
S344N-H	117.1828	8.2683	152793521130.0073	153585647616.0
S424N-H	117.4588	8.1974	154941813390.67435	151569629184.0
T342N-H	117.0311	8.2402	161069138855.2816	159653969920.0
S359N-H	117.2343	8.2199	114514373106.98929	120032452608.0
H413N-H	118.5008	8.2564	103505826265.20071	101145624576.0
S431N-H	118.3483	8.3114	131231485362.80997	129371561984.0
S348N-H	117.8771	8.3559	163902455497.10925	159395086336.0
S334N-H	118.5453	8.5472	245664496985.7881	232507817984.0
S432N-H	117.9996	8.2579	141006444651.09564	132412588032.0
N364N-H	119.8623	7.9361	60899999686.0618	60385804288.0
Y357N-H	119.3569	7.9726	105439100681.89474	99340566528.0
N403N-H	118.2900	7.9356	56047052250.82777	55506534400.0
Q443N-H	120.1613	8.0649	145515359975.17795	138432331776.0
C404N-H	119.8192	8.0523	55310750631.499084	54762119168.0
Y362N-H	120.8448	7.9302	66417737014.04187	69355528192.0
H382N-H	120.0270	8.7410	70665855836.73782	70531047424.0
N389N-H	121.1031	8.5476	82425865463.01237	82248482816.0
R384N-H	121.9832	8.4977	96059517767.48788	92210208768.0
A439N-H	126.8659	8.3753	120503192412.4096	123069095936.0
K386N-H	127.1069	8.4424	93845396320.7502	93042302976.0
A427N-H	126.9213	8.3340	158061802449.92853	155260567552.0
A396N-H	126.4133	8.4718	89759084222.71436	88332115968.0
L339N-H	125.9562	8.4087	171687936766.91153	165183389696.0
L387N-H	126.0357	8.3515	86089700211.89575	95417786368.0
A330N-H	125.7443	8.6099	266893654292.12842	251783725056.0
E338N-H	123.1354	8.3881	195441619798.72583	187095760896.0
Q388N-H	122.7319	8.4766	101206026130.51544	95213502464.0
E353N-H	122.7564	8.3755	152381632083.72345	148758593536.0
E441N-H	122.4141	8.4019	135082694254.67688	129535287296.0
E440N-H	120.5396	8.4129	145076032328.31253	137993650176.0
L412N-H	123.5801	7.9558	100631150025.86363	97093451776.0
A398N-H	124.4159	7.8616	59503555890.30444	57669472256.0
W433N-H	123.2904	7.9996	112118585304.72859	106799439872.0
A400N-H	122.4523	7.8899	78429989727.50253	84165451776.0
A401N-H	122.5919	8.0308	75742822711.23624	93178003456.0
A402N-H	121.7816	7.8767	69838683683.66269	69498036224.0
A399N-H	122.5082	7.9217	81972499309.90656	85366005760.0
Q358N-H	121.9960	8.0259	84550518444.77115	83378479104.0
F365N-H	121.7676	7.9676	71862166074.82593	72702320640.0
Y393N-H	121.6183	7.9982	57740092924.69873	59250831360.0
Y346N-H	121.0029	8.0918	126591180646.61711	120237572096.0
L391N-H	120.4783	8.1396	83203427749.24463	80797188096.0
W397N-H	120.5461	8.0965	56647529849.59089	56252448768.0
A356N-H	122.7282	8.0578	130946224505.69467	131619422208.0
A355N-H	122.7610	8.0159	151345118193.28003	157537107968.0
H434N-H	120.4972	7.9197	49009841887.14379	62716690432.0
D392N-H	120.2871	7.9728	68343965552.22934	77367959552.0
Y363N-H	120.4373	7.9531	80348742285.11638	92752658432.0
Y445N-H	120.6330	8.2085	84556535266.37889	87938867200.0
A415N-H	124.4967	8.2839	162975014606.98242	157913022464.0
A354N-H	124.1892	8.2459	144381984782.08337	143221735424.0
A418N-H	123.6977	8.3065	157333649958.9863	156811476992.0
A331N-H	124.7799	8.4978	252961059487.01715	239408300032.0
L367N-H	122.8171	8.2818	82419333792.49284	81038884864.0
R360N-H	123.2463	8.2738	81095196514.20822	84165263360.0
I385N-H	123.2103	8.2222	79198936367.84981	105225191424.0
A428N-H	123.4504	8.2111	163515039957.1721	174995619840.0
L409N-H	123.1403	8.2309	38025400520.4543	77011156992.0
D361N-H	121.1820	8.2603	77260520780.90996	74664353792.0
L351N-H	121.6388	8.3008	151865695795.83734	146429083648.0
D352N-H	121.6168	8.2346	157838042330.07956	160930660352.0
L369N-H	122.1292	8.1801	86145934614.20853	83566698496.0
F437N-H	121.5928	8.2084	70404074230.67136	91207737344.0
Y406N-H	120.9418	8.1997	54360649116.26816	60693352448.0
D408N-H	121.1519	8.1748	91997649153.50356	91941797888.0
L444N-H	123.7340	8.1900	119756294367.88898	130183135232.0
A429N-H	123.7460	8.2404	155454828966.3622	168769568768.0
A410N-H	123.6343	8.2229	118817416629.24889	188631793664.0
L337N-H	125.7600	8.3686	99347528190.445	102896549888.0
A370N-H	125.4680	8.2770	None	140917817344.0
A383N-H	125.5360	8.2830	None	124013273088.0
A368N-H	125.3730	8.2740	None	100043513856.0
L436N-H	125.5772	8.3421	215102728619.70792	222081155072.0
A417N-H	124.4390	8.1340	None	251976843264.0
L343N-H	124.5030	8.1560	None	207322000000.0
L345N-H	124.7810	8.1800	None	84565434368.0
K347N-H	124.6160	8.1660	None	138294018048.0
A350N-H	124.2870	8.1210	None	254749769728.0
C448N-H	124.4050	8.1170	None	354387558400.0